4818337
11589307
36699543
10581161
1929161
33136984
27927726
12206668
32033717
840390
10784946
25730627
32028822
3873909
32033383
1733317
32033730
10281192
23590831
34942696
6090183
32648392
4536405
6597807
3021869
12730548
15674844
7184855
842572
12738344
10596796
290641
1735843
20913598
6481195
34928767
29454689
14470707
12486509
809652
31278786
11508168
3717703
1929211
12480743
283110
22358908
32243658
4818337
11589307
36699543
10581161
1929161
33136984
27927726
12206668
32033717
840390
10784946
25730627
32028822
3873909
32033383
1733317
32033730
10281192
23590831
34942696
6090183
32648392
4536405
6597807
3021869
12730548
15674844
7184855
842572
12738344
10596796
290641
1735843
20913598
6481195
34928767
29454689
14470707
12486509
809652
31278786
11508168
3717703
1929211
12480743
283110
22358908
32243658
25918805
1965487
13291794
32039598
20007646
12069700
32648365
22356225
259935
12206824
29418235
6878263
4529255
36700347
31322859
13007748
840584
4048043
11217956
26021690
4538569
19649161
15340168
3650913
10759690
31092386
14507169
2891809
6598039
32036936
21464946
3932165
32003375
1823081
21973814
12628815
24426548
26021642
32453719
13561036
13753821
10142975
5463397
310984
648112
36700352
14758213
655609
3132977
10141729
13442996
10579996
1890339
24763732
12206842
14757019
3249463
10581878
11588693
35170466
19351190
24764475
11489374
4066415
17510352
1693831
25918812
269707
4533169
35773440
1019272
31173570
10693661
938076
23392911
938174
29964500
32036308
4539483
13097571
23622471
6878293
2253899
923155
13481647
694388
16918953
35059800
2130371
32648385
24423071
2785561
20424198
694338
10751511
11336813
3021455
10758575
31188196
31173927
36243633
11251951
37694867
12206713
871834
39033996
10280108
515795
36368641
2452471
12421267
19884515
34556100
26229504
35729872
588375
21982395
4053567
23636180
2776529
13352371
177294
12486516
31276832
4538661
2119907
24077105
4048581
11626981
14759175
799377
15452591
14913053
11251743
34478306
7856840
29396058
15286472
19884450
23105940
14878121
2892045
8887877
31001687
6878303
4538233
33928555
34478298
17946556
11508176
20578042
16619963
6073611
34942627
11370862
11213994
21982528
2360457
19758866
15286469
799047
19462200
1594939
4538877
3666899
35770986
10141173
6878273
1439651
14931019
8946199
15286656
36264193
111950
712726
9984235
6165547
10732592
16837944
32044154
7615910
35193647
10581972
31083866
8947596
1929233
39696803
722986
4539415
11802138
10689868
10071018
7357967
20007984
19758809
24031461
2570827
14647608
35390893
1929225
10697476
17510355
712244
15363972
856051
10149651
17425395
14566322
21982057
24137936
17946769
7337765
4059671
17533618
14380995
24153113
23105947
33802447
14084476
4397605
20929683
4538263
22479947
11374712
21317020
24360287
15663039
14645571
10140438
21465183
3775735
6878373
10131176
14763849
31261844
1587275
19556261
33911924
17511117
4932919
684729
4065031
11251770
16256606
738611
37941936
23409923
20013818
35964172
33799683
6925463
33815238
13861313
4631761
2318845
10695043
6443873
476199
19442974
9731371
35347756
17881084
29633218
31084059
35754154
1007933
4540009
959737
21129624
12673683
1706099
8339694
25052766
17050615
22481216
11110653
13176431
916706
34478313
35281385
4932773
1418743
17751071
13858060
21317030
17605419
37119367
17879459
1003657
8031111
79742
4590519
3594055
11627000
6803095
32648364
12206861
14380981
37843824
1206341
8123799
4048707
8123797
14566315
28430065
28320364
11251935
20123594
33996665
916984
13351641
25052647
23258088
1985993
26487851
6388491
21482016
13292623
23861492
30751548
8095133
11626950
35729879
12635106
11626974
6878393
2609481
16521748
12418211
24597442
20374757
23226700
4064449
10776052
1741839
14627670
8033501
7983050
2131361
6926491
11376644
6878313
37601844
15447483
25125941
31469069
15777326
32937961
34016501
35483055
8015780
916896
11626995
33139534
25052048
7958004
21759956
17533614
22044133
4628861
13353506
4538177
20674264
17510512
10145249
854234
6878403
11254535
1993149
2360493
2130943
14621026
30008538
28937245
26611759
19884083
25100431
15224447
31069903
3776923
9363638
25770566
37942917
34590658
11533398
9727985
34567934
32246075
10732873
11415485
4539243
7621088
4538011
5868813
17533639
2998105
35965073
6878353
37299857
12275398
21982716
35532358
23865953
11251711
14961138
19441862
31182992
35759318
2640471
16256385
36995802
20711020
25052408
20376348
754976
4065607
21879864
20578044
23635823
8129371
2360443
917556
4533915
917986
37290898
14955572
713771
916828
6878333
37293990
14677526
1694229
31063588
23285218
34775156
11251937
28938989
10151102
5631707
2131353
35527589
31172340
19885876
5613669
20319214
7621290
21412654
12539362
17605428
37290780
3071311
21957501
11080708
3665529
4048605
3594017
9857985
20374653
16610769
1563781
17788553
10816313
6878343
24505295
10697907
704851
14917752
13894600
3003545
10069075
8543277
37943528
31820638
11468703
14948412
25401672
38309582
11465847
30191778
21317034
24818330
20674181
23142193
20578040
23117977
26604219
4386879
20693714
6310367
24376050
4460595
32855928
39079531
13328288
19460704
20007977
28623307
37730823
14760995
4397987
11418386
37430913
35741017
30008674
19473525
22113451
3560691
10697883
19921882
37302244
713247
16608046
715889
24456739
20317257
2715109
6805591
10681301
616407
13059424
4539441
11348722
13568219
3019913
13354648
3568465
10069483
6878383
12225314
2940745
40351876
36528722
24499255
14948691
36493873
10142269
14080652
29436154
20676584
4389775
8822674
11251735
10145928
23620864
24371389
11960996
20712873
11375305
14569013
17870957
33026327
35522607
35764741
34426333
17510219
32247503
743386
8819725
14939426
10771424
40343230
5486329
13325515
28619394
19893276
8819213
14677511
35962828
33969367
8818035
34455577
37290406
3240925
10767776
11468555
6880525
13569082
21129614
6202997
593007
12634433
712283
5875295
11487786
13859149
2611977
305831
11626955
5667293
15241591
752286
9365155
10493707
4538605
7634549
6609139
2130951
8353554
4642979
658538
19791121
5412891
19638073
10679687
29187429
8361991
2360487
4442253
12410986
8274317
2131441
20680747
19845668
9060700
10485733
9133170
619047
871386
19912999
722981
8032915
32602098
34180031
14569063
14568998
25401645
40350394
5607303
2609437
708743
14961057
6878323
1311707
37292293
37691171
37291589
2937595
10143982
2880223
32858450
24175783
29456771
41239825
32854740
11952735
20712584
38906622
13861288
16964464
27775676
16523479
19399293
16272656
618303
2951941
13979558
35447587
19921898
5205711
24799303
30568955
9982566
21129619
5771505
17792123
722820
10440816
748885
748587
37290922
41136943
14566337
712616
21921241
24508287
36651420
34781297
34337339
32855613
33107280
41234823
15170354
33099441
21466087
22484222
22485707
29446449
37302994
12126504
32266019
748867
5585767
5586779
748860
748796
748729
37289401
19921910
36284011
197612
37294602
37291031
41119349
14949458
37291246
3569233
14677533
29931445
5193379
10469943
5646861
39751299
20373487
34292701
724530
41113925
14949497
5485887
41234825
20674286
17895136
37286859
14913733
37290944
37297799
6478757
10489856
17632874
1616961
16572987
748865
14945524
712750
2611333
41146084
37290060
3493431
37295619
37295677
729122
40348221
2924381
32900890
7447383
41274758
41113660
41274209
15428119
29440849
26269548
7776878
35525239
37427110
25098280
33858454
14079542
26253142
1741929
15269451
17875850
36526335
31727776
37289936
36524349
36503822
17879017
36497105
8823213
37233063
10507539
8327267
8324725
748940
458250
8818325
29425483
14677521
41273771
20712883
20712863
23407543
41273376
15675045
14508445
41273594
16518032
19614371
20689065
20712264
26270648
7218499
37287231
3613317
30569460
27783788
37726055
2013445
2316961
14473301
14080968
616365
36277141
22052301
35824169
6878363
197579
16609089
37294047
14668951
6878283
2611943
37295494
39658607
37310669
2934273
8362114
4818337
11589307
36699543
10581161
1929161
33136984
27927726
12206668
32033717
840390
10784946
25730627
32028822
3873909
32033383
1733317
32033730
10281192
23590831
34942696
6090183
32648392
4536405
6597807
3021869
12730548
15674844
7184855
842572
12738344
10596796
290641
1735843
20913598
6481195
34928767
29454689
14470707
12486509
809652
31278786
11508168
3717703
1929211
12480743
283110
22358908
32243658
25918805
1965487
13291794
32039598
20007646
12069700
32648365
22356225
259935
12206824
29418235
6878263
4529255
36700347
31322859
13007748
840584
4048043
11217956
26021690
4538569
19649161
15340168
3650913
10759690
31092386
14507169
2891809
6598039
32036936
21464946
3932165
32003375
1823081
21973814
12628815
24426548
26021642
32453719
13561036
13753821
10142975
5463397
310984
648112
36700352
14758213
655609
3132977
10141729
13442996
10579996
1890339
24763732
12206842
14757019
3249463
10581878
11588693
35170466
19351190
24764475
11489374
4066415
17510352
1693831
25918812
269707
4533169
35773440
1019272
31173570
10693661
938076
23392911
938174
29964500
32036308
4539483
13097571
23622471
6878293
2253899
923155
13481647
694388
16918953
35059800
2130371
32648385
24423071
2785561
20424198
694338
10751511
11336813
3021455
10758575
31188196
31173927
36243633
11251951
37694867
12206713
871834
39033996
10280108
515795
36368641
2452471
12421267
19884515
34556100
26229504
35729872
588375
21982395
4053567
23636180
2776529
13352371
177294
12486516
31276832
4538661
2119907
24077105
4048581
11626981
14759175
799377
15452591
14913053
11251743
34478306
7856840
29396058
15286472
19884450
23105940
14878121
2892045
8887877
31001687
6878303
4538233
33928555
34478298
17946556
11508176
20578042
16619963
6073611
34942627
11370862
11213994
21982528
2360457
19758866
15286469
799047
19462200
1594939
4538877
3666899
35770986
10141173
6878273
1439651
14931019
8946199
15286656
36264193
111950
712726
9984235
6165547
10732592
16837944
32044154
7615910
35193647
10581972
31083866
8947596
1929233
39696803
722986
4539415
11802138
10689868
10071018
7357967
20007984
19758809
24031461
2570827
14647608
35390893
1929225
10697476
17510355
712244
15363972
856051
10149651
17425395
14566322
21982057
24137936
17946769
7337765
4059671
17533618
14380995
24153113
23105947
33802447
14084476
4397605
20929683
4538263
22479947
11374712
21317020
24360287
15663039
14645571
10140438
21465183
3775735
6878373
10131176
14763849
31261844
1587275
19556261
33911924
17511117
4932919
684729
4065031
11251770
16256606
738611
37941936
23409923
20013818
35964172
33799683
6925463
33815238
13861313
4631761
2318845
10695043
6443873
476199
19442974
9731371
35347756
17881084
29633218
31084059
35754154
1007933
4540009
959737
21129624
12673683
1706099
8339694
25052766
17050615
22481216
11110653
13176431
916706
34478313
35281385
4932773
1418743
17751071
13858060
21317030
17605419
37119367
17879459
1003657
8031111
79742
4590519
3594055
11627000
6803095
32648364
12206861
14380981
37843824
1206341
8123799
4048707
8123797
14566315
28430065
28320364
11251935
20123594
33996665
916984
13351641
25052647
23258088
1985993
26487851
6388491
21482016
13292623
23861492
30751548
8095133
11626950
35729879
12635106
11626974
6878393
2609481
16521748
12418211
24597442
20374757
23226700
4064449
10776052
1741839
14627670
8033501
7983050
2131361
6926491
11376644
6878313
37601844
15447483
25125941
31469069
15777326
32937961
34016501
35483055
8015780
916896
11626995
33139534
25052048
7958004
21759956
17533614
22044133
4628861
13353506
4538177
20674264
17510512
10145249
854234
6878403
11254535
1993149
2360493
2130943
14621026
30008538
28937245
26611759
19884083
25100431
15224447
31069903
3776923
9363638
25770566
37942917
34590658
11533398
9727985
34567934
32246075
10732873
11415485
4539243
7621088
4538011
5868813
17533639
2998105
35965073
6878353
37299857
12275398
21982716
35532358
23865953
11251711
14961138
19441862
31182992
35759318
2640471
16256385
36995802
20711020
25052408
20376348
754976
4065607
21879864
20578044
23635823
8129371
2360443
917556
4533915
917986
37290898
14955572
713771
916828
6878333
37293990
14677526
1694229
31063588
23285218
34775156
11251937
28938989
10151102
5631707
2131353
35527589
31172340
19885876
5613669
20319214
7621290
21412654
12539362
17605428
37290780
3071311
21957501
11080708
3665529
4048605
3594017
9857985
20374653
16610769
1563781
17788553
10816313
6878343
24505295
10697907
704851
14917752
13894600
3003545
10069075
8543277
37943528
31820638
11468703
14948412
25401672
38309582
11465847
30191778
21317034
24818330
20674181
23142193
20578040
23117977
26604219
4386879
20693714
6310367
24376050
4460595
32855928
39079531
13328288
19460704
20007977
28623307
37730823
14760995
4397987
11418386
37430913
35741017
30008674
19473525
22113451
3560691
10697883
19921882
37302244
713247
16608046
715889
24456739
20317257
2715109
6805591
10681301
616407
13059424
4539441
11348722
13568219
3019913
13354648
3568465
10069483
6878383
12225314
2940745
40351876
36528722
24499255
14948691
36493873
10142269
14080652
29436154
20676584
4389775
8822674
11251735
10145928
23620864
24371389
11960996
20712873
11375305
14569013
17870957
33026327
35522607
35764741
34426333
17510219
32247503
743386
8819725
14939426
10771424
40343230
5486329
13325515
28619394
19893276
8819213
14677511
35962828
33969367
8818035
34455577
37290406
3240925
10767776
11468555
6880525
13569082
21129614
6202997
593007
12634433
712283
5875295
11487786
13859149
2611977
305831
11626955
5667293
15241591
752286
9365155
10493707
4538605
7634549
6609139
2130951
8353554
4642979
658538
19791121
5412891
19638073
10679687
29187429
8361991
2360487
4442253
12410986
8274317
2131441
20680747
19845668
9060700
10485733
9133170
619047
871386
19912999
722981
8032915
32602098
34180031
14569063
14568998
25401645
40350394
5607303
2609437
708743
14961057
6878323
1311707
37292293
37691171
37291589
2937595
10143982
2880223
32858450
24175783
29456771
41239825
32854740
11952735
20712584
38906622
13861288
16964464
27775676
16523479
19399293
16272656
618303
2951941
13979558
35447587
19921898
5205711
24799303
30568955
9982566
21129619
5771505
17792123
722820
10440816
748885
748587
37290922
41136943
14566337
712616
21921241
24508287
36651420
34781297
34337339
32855613
33107280
41234823
15170354
33099441
21466087
22484222
22485707
29446449
37302994
12126504
32266019
748867
5585767
5586779
748860
748796
748729
37289401
19921910
36284011
197612
37294602
37291031
41119349
14949458
37291246
3569233
14677533
29931445
5193379
10469943
5646861
39751299
20373487
34292701
724530
41113925
14949497
5485887
41234825
20674286
17895136
37286859
14913733
37290944
37297799
6478757
10489856
17632874
1616961
16572987
748865
14945524
712750
2611333
41146084
37290060
3493431
37295619
37295677
729122
40348221
2924381
32900890
7447383
41274758
41113660
41274209
15428119
29440849
26269548
7776878
35525239
37427110
25098280
33858454
14079542
26253142
1741929
15269451
17875850
36526335
31727776
37289936
36524349
36503822
17879017
36497105
8823213
37233063
10507539
8327267
8324725
748940
458250
8818325
29425483
14677521
41273771
20712883
20712863
23407543
41273376
15675045
14508445
41273594
16518032
19614371
20689065
20712264
26270648
7218499
37287231
3613317
30569460
27783788
37726055
2013445
2316961
14473301
14080968
616365
36277141
22052301
35824169
6878363
197579
16609089
37294047
14668951
6878283
2611943
37295494
39658607
37310669
2934273
8362114
12706787
20478281
2930867
1686107
591960
1600005
2935385
487511
25498007
14496252
389145
25171293
299461
8141868
7030139
895314
874135
6178253
2638665
7734288
35431989
1612409
14790258
426712
11477102
5727941
9838905
14868418
31776806
299431
15280632
21017060
554912
11216859
16718181
3524487
15088370
855018
22642936
26482837
4331913
8159799
16466030
36619871
916784
14679107
899654
311940
34816863
26473455
4897521
249953
10860173
426717
24255123
1714729
1907535
180912
7347125
356188
227404
170592
36780619
7739073
6724445
8333395
13367349
7740152
20049678
20402597
2607553
21375422
15332934
375565
16923734
24883634
35585783
24408779
19336345
10856482
8155433
311639
2930077
12511756
2423015
2541851
14519500
637038
6150755
14198131
1714713
12040346
23541298
5986499
20858166
1517005
3935069
29362759
20973272
13673607
15213432
2927891
680611
691568
25248696
583559
4125015
19419738
125781
19408798
13444047
10881983
17038778
2926523
1457747
25078249
234835
589242
4651859
3922389
24195269
23476288
3071305
13325733
11778573
25965194
487524
55897
19821174
3467129
13572054
34149465
12567795
13858165
10412063
1664135
16580604
16448535
17929212
20884713
34464834
7710337
21134184
714996
7601909
19787082
1516999
14497208
15677446
21011890
54665
855600
26342379
5480999
11789224
13287294
8130816
385455
32215883
17629146
20016565
32974138
379462
2774881
359492
9137375
7820533
6376015
7739771
7318773
126000
31248273
19907399
14116368
26047635
5555769
31512556
24091701
23257969
6012645
4889007
11344399
586849
604943
311969
234751
255023
13994304
17510084
4624153
7817447
8112536
26114370
15776400
17453973
7529377
7233639
14145371
1935025
310993
11241055
356776
20026771
17031537
702132
15956101
13253248
15397894
10849274
32111995
2505207
7296633
653140
5001715
7448645
21777247
4539349
33650882
642002
11125199
17039371
2466163
17629257
31533582
3424291
13781962
34402095
32036237
370998
359620
10797924
20421360
22761541
19772651
1057882
4492151
11346096
254794
531302
1060082
20357316
23083178
5371683
5050641
6300033
5001805
6619187
370483
19491500
23518127
26676638
13779149
7320225
26258817
12485554
1714735
249948
4632503
2034021
361277
32413785
361279
29170752
1059892
7649718
6477899
23578711
12705281
21537696
5511229
1819263
14260687
26116072
3423347
21297952
20204021
9860880
13287254
888666
6734149
15377266
19329907
21487498
7383363
21335351
1059170
5689463
14455653
8844505
310917
7395705
1011522
26289675
24865067
26612964
21813171
14449573
8139367
9829673
20440201
901000
7840601
32449179
1986701
5911429
1524461
7064603
26114366
34340639
1096906
4878917
10581731
11212346
33454976
14990454
28672849
4348981
13781716
595655
22483651
15682170
37738919
21079826
5821725
426161
702134
19359126
3220143
34338978
8842682
4481835
5581001
35864868
10122418
13326418
249958
14096858
1325383
14520151
21077594
1324787
12243087
22435088
15018500
27977454
11509401
23981436
19920932
7940096
1321313
36723120
584220
8012403
13564357
8089082
2496239
34402093
2001029
10867202
3442541
5372733
835980
10956105
745618
5851483
104180
586443
22198491
10606661
2054629
2999821
21929022
35593094
17056968
15432912
808077
6215251
15524849
19373573
17872001
956907
16259572
25062191
1995735
36266542
4333583
15612157
643922
19992088
428235
22122478
14275735
20833951
5598131
10443050
19242072
16568784
19285345
899588
308962
35478690
2860621
10784603
4080533
2568331
8023300
19443819
10130819
23250314
20122277
3753701
234886
3528687
20201881
4312259
6072253
233157
126003
12291431
25325318
20023354
15067870
16997049
14923883
20811024
13905500
5844567
28912009
10960244
23013331
7610787
31890781
4273159
32438329
10672462
1907615
405243
405240
3054369
547563
299431
575388
618526
899654
3831591
964243
359484
416613
465219
646020
356188
3751101
405252
7770389
566867
554426
637038
3608387
691568
455445
618461
416978
7857797
19701154
708026
9830444
55897
561879
459077
964223
416990
431738
27609946
54665
356387
19988606
13333554
459201
539070
13866452
310993
26314426
702132
481696
10585231
12090644
1366463
8398179
416601
4279849
419310
5473575
23518127
9344705
3851975
4210927
459840
1685931
3311319
16572969
23264100
10191923
18003803
416911
419320
8141065
310917
2121583
483562
998687
10724668
1946605
10001382
130782
10367956
3209659
502118
702134
561957
16561103
4953361
9842331
10568944
448538
20907214
2666313
19988608
447634
2067059
10001384
582268
419326
575389
7986170
419322
3939221
1549715
21181008
311788
99653
22772342
456510
899588
10578720
703761
19606269
7796984
11413548
447638
19664748
1367255
233157
816127
561924
455644
416985
17602293
4026305
208248
582271
575591
416914
544992
556922
8009711
283958
502113
16568705
15475469
17954263
25948584
618758
416625
456521
4747467
1080580
426396
916764
990925
13331830
571874
13932715
17967481
22883541
721995
10411125
23630751
502088
3683399
12481716
691900
578753
426394
491455
6711831
575505
617067
842004
595986
456506
16212128
2784543
10769253
7067673
21771762
6883921
915482
14165418
11199435
11622295
17473989
459084
4154855
7460207
356371
37714712
130758
356386
469404
94470
2666357
171745
14233958
588800
561953
4998117
15513844
12481715
15445767
11200514
3718239
455622
7975728
10683352
24801234
10680458
160084
10791780
7626419
1536285
1059360
10001351
575519
23303920
405283
2045801
7797144
486766
963165
8145166
596003
1582161
518679
491442
1059436
162906
10566731
8826553
6910261
14388647
162894
12204837
199828
38072358
11655985
6562673
806672
4273657
1549699
12420809
1406949
1059356
561984
7458771
11649378
5680563
416698
3463059
4775283
491362
491328
9674022
11612273
24596924
23468494
14602405
7443295
545040
704279
4529161
7855345
10001324
15735406
23362701
416532
11199995
28077522
373583
2901371
13940281
10005392
11574708
16593923
452576
4117533
11199934
1605995
16147399
551120
459733
463019
10792045
1995723
12530866
746648
1687553
596785
15506461
9355345
456525
5207481
2471077
548496
9353663
11980171
545065
7117761
481615
15882737
456500
20342337
33055140
294065
22563635
20393324
5913881
8022265
7066207
5407987
4210949
311745
136558
6816557
8141066
16880726
8114282
16138710
8009707
12541943
11152405
9825203
2902221
233212
512224
417018
10769836
14570670
14069330
7066573
457194
11859533
6411197
32309245
2045567
459152
19992624
15364302
1690143
5844049
25615191
17620717
3718075
612303
35339655
511960
4981851
1822397
2086067
23264368
588689
978946
21922160
12253906
14298446
5442607
13862477
8428670
481761
1036160
514881
23264107
459600
4981857
4570767
9669826
14469139
12108488
10566733
4529035
9793897
1059344
1822419
14293641
746663
3424667
5660455
10679055
14294869
2045591
763675
8608925
9148580
10706084
32138917
4268915
1325259
1995729
17613711
3526997
11891436
1609191
14518091
540865
764581
1549611
1550865
20955084
15163759
5412087
24348629
32248506
32453922
28001595
6411125
6817797
8315121
12269642
11711827
11834620
5679427
4747155
1585725
9837222
11220929
22139965
2045587
25605735
10736310
10001369
8838610
468283
10732310
410704
691576
21316794
3724451
17053797
8066031
15324945
2249745
11931285
790884
9792808
990664
423311
7230439
1676127
4092401
21921714
381162
461040
1096940
4820975
10735333
10644571
440702
5452277
9839803
17589287
24263071
3222489
15348075
7176411
5812505
415086
15266469
440657
6478415
25764693
8021522
5950363
13984365
683683
4980477
461038
4688897
21193149
10595720
5899427
22048214
21741222
7783307
7932267
10062880
1500863
7546725
12357776
2546979
9488961
23068516
22635666
1751807
14786587
5587111
3018149
551264
24766023
23789300
20339917
22884830
6885293
26434415
7635165
843460
22561927
10086966
2682881
8130811
25231861
14104450
7634494
414703
32923633
15257281
16420605
19583872
11331135
25719489
9679946
22365770
20712498
12236983
20425151
187278
29968178
415071
3220933
845204
24823672
12238762
10067429
10693297
19374087
20583267
12391802
5849439
23288550
454859
721584
22492475
21221639
10758508
19285818
683686
426289
19763768
19986875
32858983
4727345
12321426
2246537
6568615
4820985
17686592
22614327
5895825
19767845
10698017
116897
28527933
13406653
1498487
10119372
32833167
2566013
14966475
7518567
5950575
11078510
14450158
8189180
6424329
4092403
20278186
2152199
13892182
545062
9806873
10709362
27147619
3410609
32809813
22642763
7634857
7708661
10136067
13312220
5895835
4727887
8116272
15096383
7708845
13809589
16014872
7089529
20107734
381161
22360529
1760987
2934437
683684
495179
20425053
9130105
2246513
37487298
10119257
22082835
6715805
15079790
13670608
13697766
20584741
6921779
10725778
35795143
15849363
17616497
16047847
842564
35578347
22448788
14585382
13406602
17873279
13765638
562585
2566029
31204167
17142465
24343930
20737732
12670601
8201864
14497415
7017509
7152321
20359638
2931361
1938013
21742830
10117845
19351442
1397433
10000738
10038221
32038170
458153
6886367
17919303
32453547
22988508
460953
25648528
4688759
15267455
683688
478031
3072473
426223
34743673
31685803
13335028
2596899
2416085
4821637
17998313
14845231
37530700
6194591
4688661
32593849
33115720
15615094
32855772
19298446
20053400
32021463
23288812
3597899
13406687
1501975
116987
19768112
22093519
3756391
5907075
2566045
10708444
576173
3428585
502097
8387060
16047845
19763004
17634568
689375
10806582
2419567
467462
3693031
17783779
8729404
26735470
27526075
10002068
22169117
21201739
18709857
20199631
6921775
10709525
26432268
1501647
10008700
18005129
20424158
14349619
25402524
7252155
745650
915328
17618382
1074044
11233096
22028000
5899509
5950457
2533165
22342062
14272904
3672421
16342887
35605479
34743441
9162976
15356742
22194656
15271601
9681160
646649
7755050
6193449
2467517
14473255
16645022
35674493
31948525
10001479
14116498
5801059
14289586
2531173
15971921
7482699
16457946
15778914
11308022
2227391
5849483
15666817
5403959
14072065
14411788
25380555
4739963
17923513
591590
19988263
19989121
15079780
2508009
10206434
8454952
846290
4739535
3017681
1908869
9797918
855036
4708475
7709070
20806296
24155057
5454801
14142567
25404970
15785157
950300
22492721
4755373
8090713
3080785
5899417
20789742
11500406
28324579
15927962
2485667
642645
6649989
549995
10401697
28153584
2545829
9799182
12990640
27777114
11866615
13687726
15132981
14473283
3231207
14241258
28240413
10756629
4877909
15597028
10866806
4821769
32392025
27780536
3480917
2020929
7877098
10772625
19763559
12239943
15596190
19876877
22364222
2850677
32832831
14815404
14874788
24061097
13858841
4739193
16519093
19988255
10006134
15541681
21161273
17912455
10001012
6479167
8270544
10001116
16919765
854114
7483171
4032669
22492463
4364947
19908232
7299713
3015645
14478038
10138000
15356859
25501830
32189703
20917892
14241263
4738207
15470078
15358024
21181874
32932435
10108419
35302658
21567228
11804215
8189174
24299645
13672704
392067
22631586
5904819
375220
10908328
6772415
14697669
2385791
549646
2957057
684651
19578743
406414
4442831
394854
484662
971798
1460199
13779466
4980313
630207
4701559
359479
16308127
19577942
20107962
10597625
4534531
375213
21185598
3480333
1321547
367565
25733952
3480557
885300
650250
530774
912416
9483224
488364
515782
13448092
2138525
11584598
923595
781817
555932
2365901
414764
6771909
634778
415461
444444
10909636
2100671
36626940
554251
599242
373489
24667555
558109
689250
548599
13450044
21484801
31502012
557981
16369464
932737
2498045
553733
14694434
17487164
15394613
26463252
885374
463515
10366035
19645264
10858974
925927
13958278
505634
17424162
794609
1987727
521597
4112107
530606
444490
523883
1826511
14002285
11898575
444496
688910
2138075
449721
1989659
4761359
2130229
20263255
10704912
533872
392083
468655
2137927
2386315
32799127
444402
392825
449796
11586135
1275469
1024804
8073380
393460
488389
15294816
885078
21492012
6774373
2241935
689129
404237
13516156
789393
20366631
449209
11755648
27577963
15238625
19741056
456059
465036
1990729
392729
860733
393465
1563561
11352876
8073003
23464855
473139
14637744
35597937
11521430
514134
4033763
20882633
10308663
692114
21469907
1599471
10046914
444492
19843664
30009582
2132803
595750
3576359
2385883
406701
2500825
1368543
449006
510070
12499717
12081826
837150
26464198
1725537
25936511
20058352
555928
1754853
4036225
5437329
583165
393735
1464053
510096
684801
366237
20576851
20659766
555966
745857
504012
2393139
14566399
1457793
847213
1368631
7270345
1024756
604939
570268
7416405
21184863
392839
532658
7667280
870398
19842648
15386834
576178
403438
3287147
30707757
20654951
32453666
20600917
20989641
22095571
655638
20469268
26484002
456061
20524186
907086
484666
1411291
7837835
25363970
651498
22526356
36627593
793460
1888213
2365981
404896
10782087
25040205
922171
651167
16828452
16550144
884406
504029
468656
456057
2684123
524109
32796714
20699969
21418003
426240
1938143
21388715
23841720
37937217
682070
931313
3287163
7095283
3766693
366229
1559899
16833391
10827257
1942019
5859729
2729895
14678375
21074498
35526568
6622239
533429
2943547
3577753
8142617
2174695
13443855
26447855
404186
4011505
3481605
2119723
468554
24029999
1733791
11265125
658098
582576
1397225
7421839
4754633
16396154
900910
31252905
31876111
10116395
877766
30700817
912438
10386983
449043
21327173
6827999
5437321
468929
14706937
13443870
1276931
20701412
26545894
29269823
21976126
21402418
563737
21496316
20869593
16428040
25654442
1644719
924843
710898
29322186
20206104
442830
576170
808167
35290071
15398266
20581215
22614184
9973397
790397
398730
19245954
15388160
2564471
366379
2957633
31679854
444408
658107
1023416
394491
17974455
794567
20145247
444323
16729778
811788
19759088
15294431
456055
3873843
2172857
1734985
4599107
24377107
1347665
3577985
19269095
398742
588642
7362191
13035106
20955731
8276884
10598228
835751
6891967
17486987
4526315
20952983
365990
3480615
444670
19808181
35035538
3575665
415503
16880711
5904579
21746621
710980
31595383
900908
19362787
4834199
19293734
32121183
896341
6805039
650002
12008704
2394877
549685
3946517
21184860
7988173
456050
31502338
443401
24644149
33394912
8545264
1941995
588645
19847588
404238
532622
29192094
34919010
3873849
466383
6733605
5437325
588651
10309087
21190447
17911981
34618044
14519360
404082
3873853
556039
2009341
566063
1411197
37535428
794681
6618607
20916759
22835623
15257644
11930149
21332013
12705393
5844161
12367050
2153235
14042245
28947056
4370161
20501950
3258989
1303927
20326018
1726599
20508118
25821342
22372768
2151853
712685
23361610
479961
8095711
1380291
914402
14963349
20840987
26229213
11488920
7322547
6710595
3951133
4113197
1024190
1453913
466737
748767
4621783
2119199
976113
35457666
6724429
12023218
15431302
20640151
2127549
14094301
14520937
20129535
25730741
17476516
4526273
8095705
11593105
14948180
8275143
1575707
10016699
4630783
3457771
4106293
4539379
26056546
23879149
12098117
7471183
19560111
7938652
772740
3313739
4732657
17593527
10685396
31287606
228969
23204989
10085069
21324401
16386276
1453915
1011168
1934467
14426598
17509774
24842391
439556
701579
9180709
875363
35905863
4083295
14626997
19733027
482038
25935496
35905861
701383
6807903
576496
31975702
7099307
5506445
983286
20577312
4084307
36784804
26350629
1812541
5422713
14116738
12494436
20891090
21011738
14130760
20538184
3526073
10250030
14956365
2297915
513427
21332009
21101765
22835565
16920032
5506083
24842422
1398733
32278429
1399571
2916407
21243918
701227
3939827
9944313
701712
21172048
22663495
776480
6369227
4629707
578967
32586768
2236975
11058658
19645209
4089261
13796797
3939887
1918591
26670490
20640260
13334313
26218363
12070656
15388309
781987
15387143
11414133
22949739
12700272
2153187
423210
6880341
4190473
13528490
16376462
3553939
228796
1455117
5507547
1534875
511901
11036945
36560504
25678666
3480627
21469179
5057373
1944703
467912
14640570
23212731
13892166
4201355
710922
4084807
20162271
17593518
1726601
15262922
2146987
2127575
579975
21042697
26714162
26386265
15325655
26771749
8922895
1535039
34527170
23108241
13158001
20452232
13735250
20042952
16070615
6834617
19736897
14641532
23404790
12440824
4301475
4621717
5765921
11253361
11079270
11310595
12871254
6175665
947487
455598
11337513
15245234
35779402
983290
11290542
485396
17510214
5757489
920377
31291578
12329959
6895385
394416
16341786
3087039
2236959
20107770
11079690
13561921
3047969
506624
517873
12711210
10224024
13809045
481023
21117350
16070514
9821259
21481647
2119169
38086316
20954226
21299262
14764119
6712437
21145832
14849253
21145821
10032000
2452159
3939911
3515593
4301483
20422266
19421314
1380375
32720443
19584471
35905857
37745914
31996697
3047895
16690674
6444445
14707736
576742
9934336
22764290
13571023
8433043
886170
11255406
22626678
19770958
3577047
1938839
10813547
451694
7802710
27826567
5123569
1609187
7699064
794983
20203015
575637
32347397
8281089
11240126
23788375
2236951
14011533
16362780
19914394
8327610
16029434
21414593
21145788
11360462
16215278
25413189
14448546
21409238
9669095
6816541
21268301
35906533
576862
575625
558335
16406575
13568317
21409147
36111556
17593520
20161399
515541
39252012
20520648
20946409
399253
14681534
10576809
3500185
1607947
6775663
14814981
13287792
19275642
25073095
19599550
20014183
35325426
578195
14100537
23303579
15839139
19560656
461472
16069949
16833447
20266547
2119173
20502999
754593
1726597
8333462
20514544
31323175
6679575
455604
22227805
975131
20024212
16352607
17610920
388783
22835652
13796633
455576
2202069
28320160
13720190
7809132
14875006
23879140
32446171
5532819
5478443
26525668
14952629
1347655
17941981
310116
6691549
794725
15736520
20282802
2909831
14903038
21078746
10596972
983288
26491407
16447290
20241102
11345052
16645019
14058546
7699051
16837402
4355547
10095707
20118948
24800635
20274848
26492292
21130000
4917859
579962
26060655
26552114
29930190
10227148
10593511
980472
2909843
32014487
2866547
2236967
10007881
531955
19920808
10596811
14639229
707995
21301419
33402235
467909
6516715
517711
25056826
10289102
10240037
26062561
6956581
2454381
14617254
682523
8715358
21257333
11395778
2597933
13935295
26062573
1590797
912679
516057
14436550
20883810
15226487
483309
609585
15973974
5506013
12050798
6746827
1064998
24469299
483307
483325
7968144
36033610
37424583
15058426
24469308
21912521
1029380
8097269
25200952
6000847
720610
35957600
2082027
23689731
23689723
460278
439556
38151252
25412380
3615517
631034
35925664
31368735
19882758
20106084
17967602
32360154
486865
23689727
1029378
2431267
19887020
533487
912673
580209
37424589
25412386
5028221
5804141
609586
7316589
3198733
20224446
15317806
11306505
15623940
31451473
484524
23689733
6330403
2564177
11593353
437849
12242674
14853152
4319341
19532172
6956699
16603563
34926220
34471562
17489504
7968155
6637333
656446
23689729
37424587
459891
1047712
2984255
539527
26082912
35207655
5439427
2662777
35728784
25438346
22649953
13456225
22597852
24469302
2983977
605606
1075948
481049
36033612
4473781
25691380
2282843
21257903
486853
25932779
484398
35322397
483308
795745
24469303
7492765
24944127
22632585
484525
23874495
4424835
13409537
8095048
24471097
3923233
22100933
25412384
1047710
8470356
35540563
1227079
1692901
14301969
11293741
5981831
1324853
575314
19647294
34548827
706045
627988
4104163
3498565
3198735
31197680
14000041
19532157
19532167
32117929
459969
8024309
6677811
462521
25436955
1507187
24865001
3198739
24469304
460245
939517
17927168
2137633
34717146
35355472
27827260
24864999
2151923
24865003
34717158
13133228
2904963
2151827
26706903
6895377
437854
1716053
21236144
7865974
3493687
2153349
17614387
625363
6805089
28437145
24471089
1047716
437821
15973976
459872
4465541
460321
10409792
484550
460038
21584358
2540045
15288662
34717160
17027924
3041823
34576107
2766373
3198737
5517311
7459209
1606711
483310
566289
2710093
5444345
22629360
19639397
11580174
437799
627937
2688941
12242241
14436554
1012256
19892356
6475351
25558667
19682437
2921017
24970819
8038702
8009467
627963
2564105
7371287
24471076
14790213
3077145
483304
2454169
13670300
5505853
3253401
37532564
6349759
460190
2250417
2786575
5329363
34672045
969048
646084
1716059
20243920
20487037
10409789
10371298
471771
28729070
23889095
33596605
576139
2372495
1987981
461143
10680477
22222458
14510024
454395
1390007
15589492
35925665
26062553
32930590
2682725
1716077
10409796
2582091
34576096
25732870
6569325
25746239
410307
14301961
31820684
1012268
6906621
10285584
483268
7459815
34717147
11232420
33032469
23911778
2287723
486775
15973980
682518
2564109
7968122
13172522
1820321
463059
33216092
1929175
25439746
1717875
9687448
3265121
969072
25412382
643669
31608821
19787087
5207107
4762545
483305
521468
625370
4680757
1716065
1385293
5430955
1915497
33531828
14936796
35344899
35540624
24970821
462493
5145055
1988013
1988569
24970815
11122838
4625503
24471077
11263834
497293
484424
14934703
2063475
37834869
12480563
8094912
34581448
26471620
5531741
483378
1075762
31608823
2783851
11661800
562590
460035
2673651
1692903
4465403
12113891
2823977
3732419
22243898
19532164
461404
26011987
576012
437756
1337777
10229393
11380894
483380
437855
34717140
14369440
11232495
34717149
6828561
3526347
19579150
20550827
486854
14436551
7755838
10177684
14965881
26706867
26062568
31608809
25165565
10117533
3114737
17356540
12688145
24944163
31821331
6997641
16322337
2906923
2676315
599724
912683
11079141
4300345
14301965
1728567
17892523
13737620
34576099
26016905
13516644
437768
2377103
37869666
2287725
22480745
27843725
7249651
32919792
7018417
32911522
13525665
33091457
11012410
34717142
3198741
7968144
435891
486492
10398524
849026
849022
31863610
849024
3658651
22701475
849020
916267
849038
545035
848992
16175595
849048
543122
413192
28285934
849006
13442227
26507932
500468
3770261
13336934
11978103
1464543
561065
31576477
1030567
13442221
16175597
26292675
26062573
544096
13442223
1012692
13442219
820405
916273
15252148
3770263
26502517
848994
849050
28287068
500473
1380475
543129
23506302
24469299
413144
413147
500434
28285696
2173355
544092
653874
26293384
529196
28286429
849004
3678041
598350
16741731
412767
28287083
26501590
514255
13368901
14875556
3770265
4696277
1194883
412757
23689731
532984
22973577
576817
13442225
4748469
16262132
4696279
848998
439556
3678043
849010
523759
420651
412763
474632
413163
15214223
412743
10368703
17148691
845268
543132
2634577
20297693
413136
2807777
15208517
13442217
3005389
474634
28289610
4696281
412776
26114304
488456
3770267
848996
16349510
2634587
488355
598345
23689733
6550263
558552
22616577
26114311
9830360
598343
13593802
4618523
2016783
7968155
656446
21903034
435870
498703
598146
2807779
742026
11453433
412772
474633
10826488
13456225
3158425
14330183
2634579
488357
2634589
24469302
22563889
15254237
11386576
543025
849036
10650561
1000540
1365649
413166
15226098
3016043
844902
4138521
4696275
20467654
24469303
21682413
22934927
35871137
1365643
3277387
421290
6880561
820411
4118847
4255223
412244
32185659
13802857
488465
10826486
894776
488455
412667
2109341
23524745
10826490
2807781
845242
3770271
1745007
1380477
561060
27612552
561066
4782977
849000
1744997
24990890
820407
26327208
11253530
15452546
533028
31576479
13671262
32918591
24990892
424313
598352
16857968
32185706
498670
1549555
13461046
16862593
31576481
496220
2109339
11194955
16855635
3567429
15464524
742022
500432
30167226
20625691
15787852
558220
1343637
2634591
7322591
26114300
417954
541363
486494
13715449
28285922
2634585
415150
17536104
11253620
35350436
19772746
15016823
26114308
413088
33102862
10826480
967273
17537752
543915
11124434
554539
32030341
3766351
529195
598344
1349623
1314275
19852724
1366295
19841408
412867
455323
1528195
6392889
3770269
2807783
3579697
444574
13593808
1314279
22760645
28286427
503216
19382773
417945
1745009
11386580
28285188
7797954
31576483
554535
578269
22428482
24025059
836986
20185763
7625307
541786
6840043
23065433
592191
8021404
417966
20692806
26062553
16200572
14062381
25106526
3579699
1365651
10826482
19585550
26167983
4879479
2812811
8058898
6840051
14662979
13287465
13324304
906954
410659
2326551
4015425
7968122
1744999
1343631
844726
6638439
3015787
413153
463059
16555489
21413467
413151
435887
19406802
15792061
16258473
629718
13568945
24594862
11253458
10826492
13606159
685893
16857210
3175737
27104287
889320
1365653
1341621
2151963
23813242
20620548
483312
497293
12394655
13120292
22760616
6883617
20810496
3277483
8094912
742018
1314277
20959781
800671
1314281
6216601
22936450
562590
1744985
421927
13345853
17888580
16197127
28287070
1464551
629835
3547371
17011987
25629211
554545
20556697
2807795
21772351
437779
19579150
515860
4470487
14662985
435868
19944519
21603062
3831213
5753813
34280126
906958
20177808
19779563
16225054
7722570
14132718
543920
14971985
486264
34537694
5468685
413228
1549565
7579343
20588018
22972154
25123561
10826476
4128263
20024063
1343639
413055
38080316
578267
558570
32919792
849002
2634575
21712812
19606432
24028050
11873289
6655937
22760642
21334377
23734237
5886823
14961615
23936001
13345849
704541
8159413
420654
19774474
8952642
513165
37515613
37515657
1347157
7855324
4494843
1937091
1811779
848210
1362447
902013
2738475
5522507
568830
31874925
14982350
643675
767101
865648
491314
394686
483167
33785195
13411300
2738477
2626717
14115539
1672157
1362445
440260
29275602
5371723
442348
15134851
568659
1021869
1672153
17613864
13414522
2738497
21741235
632680
462310
483173
3142617
435317
1563299
401941
7967597
1941543
9979828
11484074
7775595
444573
2379759
6094113
870414
10225411
1082148
8959289
554282
2123245
6987503
12053893
1021867
6419141
14456058
3598571
544425
1733451
448842
440261
455896
21031865
524810
462226
6884515
19889659
1737567
451572
5560235
10695470
401929
385654
1992041
4112057
25304446
12725260
1951095
422351
550582
9946640
10045685
17483106
3597881
631509
865656
752183
470430
8950792
975076
7939532
11142809
20541866
2397037
21460459
34623990
13824600
1524445
1524443
1221015
6971185
15891722
2738533
13290578
21031854
8057340
2738479
422342
1679099
10695117
34624086
19853724
8452103
2609469
3555687
21534051
22052333
3555727
13820442
3145589
1194207
16197757
451561
460385
17898771
4992335
511233
35540067
2506131
386187
31801922
23611549
13317949
2736253
12737535
10579630
24156913
10578958
571555
426104
3840463
5475755
3145425
10695184
9803066
14040250
3853349
382665
230843
1513619
385574
1065628
432953
432974
10159085
20476829
17508962
23481119
7255881
381895
7319063
19843387
7203275
28559694
4658279
7970744
394685
17459680
7280417
14114437
19416981
34741487
24509826
6490561
631497
2738523
12376571
24910578
24786868
396675
1524447
4242365
801362
631049
753808
26293218
10397867
731022
7980446
30794249
10018309
26453968
31894793
10768313
3873297
7441003
448584
1537315
10071383
6583921
1672155
167535
8146244
13372546
396697
385477
2399327
1478237
1679107
2042227
7798178
975714
486659
5421109
1037368
568277
562183
10775711
483186
4443123
796867
13995850
11423157
25692819
24469731
1362449
432494
13415813
35541120
19550998
5506217
10018272
10405535
10297999
2576995
13886466
9731475
28718672
439640
6199681
553383
450602
382664
19949589
1257109
1659085
2738499
451368
12635333
7777252
758879
11512958
411327
13379225
382654
2036201
8951416
1815257
573381
12696265
7814010
9731466
22052335
8818168
509957
420412
1524451
541546
13325695
877458
13730878
10970508
389688
7774596
32403859
31809612
2626813
545471
631498
631026
422347
2579677
1313889
477405
21024823
15448176
8083008
15891970
2432255
24633962
2626715
7969640
409126
2835905
1082088
511229
12108837
22292185
411324
694332
25307162
8124010
386240
15325356
440259
3554619
636922
451369
10571439
2079711
507131
10703324
631525
843836
447774
385582
8951814
386195
8729465
13416327
2843861
30794081
385615
16928041
12054639
35042167
14135462
1659081
13382008
6243199
12058282
491312
14051440
9803078
98121
3555717
432958
435319
23896000
1672211
400255
10001390
30794251
15779407
393046
15823484
23137491
23357503
239600
2665867
13415784
2577737
462220
870418
444609
528944
21179415
3397543
422352
385566
400281
36598433
400328
450548
15830160
546385
386178
11142818
434782
20877325
443162
10104313
555505
19846937
17628400
26068260
425934
1313905
34694884
19771084
33402089
429876
7777253
1634981
16214133
2634487
722723
680681
7203279
448841
15931478
22031255
8333945
483022
19901553
562263
411718
36650309
1800919
13730855
13415980
491632
28736200
380245
31612961
758880
17617950
33395723
10071381
11394441
16934551
20666160
2320705
451570
7858680
500680
33259370
22254079
7777233
1524453
7837480
25887777
710785
4805279
20960351
22032641
20585233
4433517
6187707
8284864
14341082
21443348
28744077
691915
32895440
20508126
26184125
17898669
20972078
36328419
6416805
20817652
14694284
26612260
16257171
5477791
19748755
11203758
4027231
7170169
11531573
16910398
13744574
10820371
3792885
6825241
19777718
20931922
32942156
2661093
15425481
25924664
10604394
5962611
15784024
967590
20810017
8176039
13335786
21024904
819349
14960854
3532345
21259440
771476
25248209
12705459
17389427
10684845
14080572
12013163
26651177
829068
11799165
9668102
14035850
9856114
8575130
12514329
17491813
7008419
626827
1729293
31651476
20453184
21960601
11427304
19654121
36972569
17894855
26091206
1728017
9820705
8031575
20063722
7074831
1729253
14528867
20206799
10916741
14450071
6395605
28590683
8985719
8246850
3730647
8084770
23441781
691919
7078819
36985530
7047875
9670825
11506340
15403057
10833839
17589565
5833777
3899543
2824517
21582385
6444491
22186536
14814120
23464722
14840914
14848051
20200040
35426770
14694252
14272836
7402949
22021214
21754485
2492297
6422185
5544655
20639643
10131230
14273431
1752845
20120507
32324565
23448044
5554979
6418777
624052
4128235
23377080
9841405
32042099
26222495
26334237
11473463
31073695
21057335
21061793
26603855
6149639
20868110
32460218
21170973
10827819
20521071
22625465
9828937
12109438
2152235
11847036
7713520
16196441
13609350
26091790
14548339
783519
20696212
12094182
5846507
11878574
11718057
21312399
4564167
10717050
4612789
22827954
15932369
1728595
17009694
21285899
6394561
16572300
4953625
15363159
13632609
14702607
21325121
16712370
19713621
6367297
7148519
8189688
37564204
787883
2651537
14021635
4230683
20698337
4759017
19724541
23047265
27524792
21362249
20802500
6501565
16465374
22433576
17009244
1727975
16209014
2412609
3174163
3014365
37400801
11191836
3582727
14030926
5928727
9982241
19395497
16584441
32458712
9729119
13360334
1728759
34358523
9727420
16937885
7838345
11515981
4170175
13690239
26480470
1921045
16463336
5833929
20583543
4120623
16802060
20960089
7722875
10191701
34611696
10094483
2023407
22689010
9790903
11448916
2921957
26299316
23515673
4758823
20368574
26383398
17393962
21230106
15992824
632539
819365
15671563
15726204
6770079
10646777
13672300
22653776
2747873
11471480
17468906
17909429
11198171
24799095
7166595
36563537
35237240
7997300
14115544
1954835
21755466
1752113
33365368
6422071
5444989
14605412
35349161
21683002
36560962
21061106
22186417
6909267
9730171
3772993
20665439
7817248
6301833
5476547
24312659
1941603
26219192
11602701
25098189
31142948
21137894
4260047
1728351
26447284
6017053
32552884
2879683
26899571
32856369
745469
27980499
3598083
2042499
12232466
14127745
26063603
2918905
7363039
19901639
23376082
19760071
19749458
4779313
14956975
16145200
5348685
20729602
13303949
1893175
8119244
12217477
8310164
36658725
26738046
4562123
13415466
37126497
28731166
10691067
17898018
7597489
1908299
15079912
10814342
13314209
1378789
6747049
26046332
6742693
23382517
11425471
5869159
20519326
3327123
9147750
10102128
7121947
7247489
12332683
20369442
928620
10047122
12218705
15879754
35145105
4392919
7386965
26349556
21878741
15505967
17049377
20882002
20970849
7841154
1728555
14851936
16196562
25617416
24984344
16090273
13301993
15983142
7609909
21286225
6884131
8181399
7322419
25453330
10813514
10834102
36130702
19242223
17346228
20612156
5924489
2660877
8701969
29186362
760738
10368790
32895663
3665607
6422115
760593
3071167
7632242
9418717
7189977
23512147
14886107
11270133
6079191
29408823
14997532
12038954
20554848
10378605
7137487
20647627
711036
16737968
34977775
6377741
11599493
26428388
20282382
15421345
21971799
19242497
32425994
7941719
7997237
707405
3671287
26028666
131439
3102323
8582344
20206228
21947276
6715255
583383
12873187
14398332
35221678
6395899
14380357
5924607
5204861
583375
8128168
22886734
8275407
16970873
21668312
35738338
36160625
583386
14161159
982762
13124920
11020345
583382
3822095
22886859
11159537
2403871
24033880
22886746
4453035
2981485
5449863
11278264
12220263
34676048
22886770
22886877
6974291
35738620
684687
1252309
14124131
3555967
36160584
426959
6073795
1374137
12379560
19751771
2404093
12225610
36160640
11487869
8153517
20460289
684976
31497061
37726101
12102753
129236
22886759
34709999
13134595
2002959
5777583
6766711
10281331
29404158
25417671
423870
9796315
4624371
14423288
12205062
22886795
17635343
13952782
2403931
5204891
30755243
4594673
5199493
35367014
28137350
6766655
19808892
14521206
842292
23301514
897951
2282589
19295654
15681922
11559751
23046419
4365111
22623235
9672672
6635547
32409160
8071964
2122827
1599467
34560537
30764475
1007885
1371125
11159553
19635555
5486095
26328810
12225598
16265003
2282607
708544
27168988
7325325
886682
12119152
12238109
31958771
4492423
24622838
17615770
433231
18006553
7695798
23544578
7695783
5191203
423998
583347
19808804
14540435
33573006
9470358
2441297
21030819
583346
13165702
1608443
2152007
10462316
5816817
19635568
26230684
9996463
14284046
2156903
2403857
5042533
423997
4488629
13432330
16276100
22886801
7094865
20996392
13291050
22886793
1610139
684736
12733761
26214210
34240496
2339281
13849819
16921475
22600071
13372736
6625843
23417493
35908536
14170288
2420979
19824122
790316
20460279
31496737
33014193
8338841
25608349
25417210
423977
2403901
35579586
21054989
19819088
2247227
10125898
1931975
2403887
6766767
35910336
35203357
8709349
17947022
29242025
421859
25558518
34916480
11395424
3055219
423975
20262377
24161179
2156559
615901
16974932
35738859
4270051
10072210
13176210
16254709
21205717
3932419
897495
22886805
36110585
897413
2783491
7476665
21575558
15200631
37700168
6658395
32141755
1694461
22615903
6913429
1323531
19635590
24607435
19730166
3860125
2282591
34750597
4414611
5511185
11093703
6352879
423885
29955906
13905948
11947863
21550119
639377
4318165
32197413
21520393
583348
22169234
11982039
1599729
12604274
9857345
15099784
7090455
34923824
35895829
23657196
37722809
10131309
20677974
20735733
11763808
2916833
977095
4877555
1911409
32415694
32712060
3807587
8490564
2412419
34745699
11584630
35454276
32141752
7964066
2030177
25411276
2403827
11875178
127795
13866304
20891937
2001177
602792
14330488
6934469
16264939
3335901
2403841
8152477
25979707
1640815
36027005
32141789
898119
12102974
3707879
19808914
33916272
12220479
4592065
7857633
23534273
5356245
14566851
31496280
15034700
14452990
14752139
20585165
14701940
6565249
30764490
13369052
7414065
32141776
22173345
3283775
6766849
14805836
23308733
16980062
10368754
15802012
6662853
15922616
639504
32951743
2215993
13849215
15162044
33135683
35413765
31227937
6703849
11972220
11438495
13669722
13176427
5509635
6692429
23210447
7947809
3460963
26449174
14568787
460449
2073307
2404079
35579453
17470620
9968324
16279918
8175968
897691
20413092
709000
12379552
3795621
12286660
11349132
10595144
2086267
15682773
26524914
583384
5110759
1608143
13853076
32901798
8494186
7997929
13633159
898083
20235322
897319
33915911
2106573
21377769
33274567
568187
707581
17967341
10685837
14321968
33024608
37700152
2500603
898043
436255
22708547
1371649
19635593
13399228
31916685
982470
34383416
4324519
6006835
4488293
12234787
13811350
20329776
4239937
12481403
7695806
5079345
7695775
37723633
19483715
3216571
2958659
26535806
21388705
19635614
20107413
2142883
684728
37268957
5757605
801326
1082804
7950346
15169321
19748905
1075804
2872041
10002284
4457017
21520689
4312357
14903086
13450474
11238036
2799693
2850247
3055589
1378115
2089717
21520452
2050479
785157
15254262
3717427
4570463
11296356
892527
14789875
3151283
6811303
31513611
2250775
22474175
23380848
2050471
12064795
4190455
15870368
9325749
4643829
22414354
8090579
17982153
12207786
2923469
3162815
22373404
5865497
529456
15343372
14189442
5854103
6976177
9496095
10713821
13446301
14289778
17979006
19489861
2872303
19749769
9673127
35939103
20118131
21014814
1389309
13136223
7295755
21442224
25729423
4564185
20615315
20996810
4073155
8031566
12123432
23146403
23625176
6651687
20867262
10704407
19740578
18288302
7942662
1254583
15165758
19791506
16988597
12300576
25362186
7816027
7408989
17491445
2040945
4749459
7070033
11741161
23544436
25421092
20278892
35911745
21176159
16219484
25734700
25417366
16330403
529457
13384466
1254623
2506579
12635319
5128443
7543371
3106283
6501581
18937783
25422043
3499371
11514547
2346777
8047878
3883503
4893545
23061632
5182479
12290664
7667938
4407311
22536664
11575815
16828647
8869582
32146027
23151946
5036635
15709935
16936073
11781042
3818435
13567608
17491786
25417360
14068628
11521050
20342081
16683478
1237331
34480150
24326737
20278109
7950350
25684758
28410817
11597285
20240833
5128593
10320972
8013528
12289782
14645211
3903357
10818638
2709125
16648124
2900861
11597491
6677275
17967173
1229357
21600252
25421059
1254601
13326068
5056965
13443029
19566189
13331760
9949358
2045625
14073784
17929677
25200617
3605325
31998837
3871403
22434683
11053096
11453301
7630821
14127801
7937663
10187285
1510677
32593431
3107151
1996903
25704780
21933675
10713820
5485501
495668
12780734
13306913
3261211
16983787
1227177
10152418
22373460
11804867
11220956
21076785
22753760
23599590
13380326
7950354
14756331
12109075
4569441
12123515
3665771
3662663
21311957
1378161
5858831
16942725
10714528
11251519
5853481
6502665
11500846
35089663
803120
4353633
3962571
1237295
7585528
19356014
25307763
13944393
26733559
6959085
22414349
5890271
13325496
3004439
20722132
10365682
10711036
12123678
4670407
27919869
13385038
8197922
8370669
4077875
1229379
16704148
3935969
3106235
25422080
22975262
10290822
4049465
22380495
3151311
997411
17385162
31417953
25603097
5754731
13393397
14656147
32803998
10796772
5855529
2859443
16648216
7888943
3876417
16746218
1254729
32135232
2788431
25418003
11255021
16366954
1254727
13796350
1254681
1237305
15932176
27990655
5485749
1378123
7966599
22293088
5483535
5483493
17459161
26729493
16675438
7441273
6327437
4986759
16777312
12518291
31613796
11787164
19791504
9979581
12371402
13667898
3793839
11597846
10066758
16857865
16287857
7296003
7950348
3664247
37452974
21409694
5433057
22828165
24004833
3617645
889240
1680827
4778323
23017637
3524247
2646875
11506461
25419526
16988584
15829313
15170494
10916697
6865709
25208495
4777929
37535402
24765495
1254663
35090327
3217923
10829413
7776936
11508659
1378131
12595457
12106847
20709603
15790258
1254621
1254743
21920519
25973334
20728834
20587179
11664503
6941489
10397107
3928617
5856839
18002046
18003631
1229375
19448392
13901341
21028377
8949520
33544494
22754498
8006832
4401921
14846755
20241947
23765698
3345117
3670479
11597529
10914755
13637875
5439221
21973637
1254573
24940851
8322888
9416836
11251764
15826208
4550149
5554157
4642845
1237327
28292297
10905464
14080634
17438593
22508564
3172271
10000461
32903447
25708089
12600092
6941827
8370687
23610194
4698547
14061624
19415001
13904464
20243362
9854735
10189390
1378117
24453956
21863177
3148327
881706
23122212
29322703
24799969
11501050
10152404
19382350
17907746
14902349
11507629
20935813
2930867
2935385
25585313
15678324
2957057
3457771
14665901
5584855
3751101
19812852
2930077
21266460
15351936
3439333
2927891
2506131
32165134
2926523
34517930
15595572
3467129
13426654
4242365
26368751
16607677
26444143
15626571
9137375
21115748
4564167
15595590
33600221
3424291
3397543
3423347
10238301
4570463
15626054
19812848
5689463
8844505
23206917
23206864
32224664
8842682
5581001
10417652
21266664
3442541
26364494
9325749
16660768
23206815
34248702
15666330
15612157
5598131
10443050
13677673
9231823
3753701
23206912
21061103
9054824
30796222
12617027
19812842
16247615
4111809
3616579
21775191
21877947
4128263
4564185
4242143
3450101
10492528
9164156
2946305
9077952
34247821
3425855
21786403
31718126
9133802
32148511
5587111
31772952
9258197
3458811
21061101
14714402
30009910
31804105
21418764
34248334
9025846
4126389
32165461
4131213
5648709
4238865
12044704
34247799
2933261
21767547
2924437
21803442
3422891
5625813
22383319
2941349
2506579
9166630
3394903
12096651
21800826
2506471
3393347
8868530
5623835
37887813
4240241
3410321
2943547
15665703
9315839
8869582
22817243
4569177
4130005
7375365
4845621
24447744
3433931
4126035
3755555
25417601
15612411
25439663
10474229
4237583
19337865
21767243
13723108
25004572
33289971
4849917
37137377
31722918
31730705
11849714
31727006
5664709
15665741
4868527
13752490
12338661
25761563
5039229
9089137
3755749
31748013
32165164
5680563
3463059
5037367
21767381
23894817
4832623
8853153
15612277
32165137
15678523
4240097
15351565
31732863
2957633
9174891
3394745
17035605
4127255
4244889
4842613
2931839
321658444818337
11589307
36699543
10581161
1929161
33136984
27927726
12206668
32033717
840390
10784946
25730627
32028822
3873909
32033383
1733317
32033730
10281192
23590831
34942696
6090183
32648392
4536405
6597807
3021869
12730548
15674844
7184855
842572
12738344
10596796
290641
1735843
20913598
6481195
34928767
29454689
14470707
12486509
809652
31278786
11508168
3717703
1929211
12480743
283110
22358908
32243658
25918805
1965487
13291794
32039598
20007646
12069700
32648365
22356225
259935
12206824
29418235
6878263
4529255
36700347
31322859
13007748
840584
4048043
11217956
26021690
4538569
19649161
15340168
3650913
10759690
31092386
14507169
2891809
6598039
32036936
21464946
3932165
32003375
1823081
21973814
12628815
24426548
26021642
32453719
13561036
13753821
5463397
310984
10142975
648112
36700352
14758213
655609
3132977
10141729
13442996
10579996
1890339
24763732
12206842
14757019
3249463
10581878
11588693
19351190
24764475
11489374
4066415
17510352
1693831
25918812
269707
4533169
35773440
1019272
31173570
10693661
938076
23392911
938174
29964500
32036308
4539483
13097571
23622471
6878293
2253899
923155
13481647
694388
16918953
35059800
2130371
32648385
24423071
2785561
20424198
694338
10751511
11336813
3021455
10758575
31188196
31173927
36243633
11251951
37694867
12206713
871834
39033996
10280108
515795
36368641
2452471
12421267
19884515
34556100
26229504
35729872
588375
21982395
4053567
23636180
2776529
13352371
177294
12486516
31276832
4538661
2119907
24077105
4048581
11626981
14759175
799377
15452591
14913053
11251743
34478306
7856840
29396058
15286472
19884450
23105940
14878121
2892045
8887877
31001687
6878303
4538233
33928555
34478298
17946556
11508176
20578042
16619963
6073611
34942627
11370862
11213994
21982528
2360457
19758866
15286469
799047
19462200
1594939
4538877
3666899
35770986
10141173
6878273
1439651
14931019
8946199
15286656
36264193
111950
712726
9984235
6165547
10732592
16837944
32044154
7615910
35193647
10581972
31083866
8947596
1929233
39696803
722986
4539415
11802138
10689868
10071018
7357967
20007984
19758809
24031461
2570827
14647608
35390893
1929225
10697476
17510355
712244
15363972
856051
10149651
17425395
14566322
21982057
24137936
17946769
7337765
4059671
17533618
14380995
24153113
23105947
33802447
14084476
4397605
20929683
4538263
22479947
11374712
21317020
24360287
15663039
14645571
10140438
21465183
3775735
6878373
10131176
14763849
31261844
1587275
19556261
33911924
17511117
4932919
684729
4065031
11251770
16256606
738611
37941936
23409923
20013818
35964172
33799683
6925463
33815238
13861313
4631761
2318845
10695043
6443873
476199
19442974
9731371
35347756
17881084
29633218
31084059
35754154
1007933
4540009
959737
21129624
12673683
1706099
8339694
25052766
17050615
22481216
11110653
13176431
916706
34478313
35281385
4932773
1418743
17751071
13858060
21317030
17605419
37119367
17879459
1003657
8031111
79742
4590519
3594055
11627000
6803095
32648364
12206861
14380981
37843824
1206341
8123799
4048707
8123797
14566315
28430065
28320364
11251935
20123594
33996665
916984
13351641
25052647
23258088
1985993
26487851
6388491
21482016
13292623
23861492
30751548
8095133
11626950
35729879
12635106
11626974
6878393
2609481
16521748
12418211
24597442
20374757
23226700
4064449
10776052
1741839
14627670
8033501
7983050
2131361
6926491
11376644
6878313
37601844
15447483
25125941
31469069
15777326
32937961
34016501
35483055
8015780
33139534
916896
11626995
25052048
7958004
21759956
17533614
22044133
4628861
13353506
4538177
20674264
17510512
10145249
854234
6878403
11254535
1993149
2360493
2130943
14621026
30008538
28937245
26611759
19884083
25100431
15224447
3776923
31069903
9363638
25770566
37942917
34590658
11533398
9727985
34567934
32246075
10732873
11415485
4539243
7621088
4538011
5868813
17533639
2998105
35965073
6878353
37299857
12275398
21982716
35532358
23865953
11251711
14961138
19441862
31182992
35759318
16256385
2640471
20711020
36995802
25052408
20376348
754976
4065607
21879864
20578044
23635823
8129371
2360443
917556
4533915
917986
37290898
14955572
713771
916828
6878333
37293990
1694229
14677526
31063588
23285218
11251937
34775156
28938989
10151102
5631707
2131353
35527589
31172340
19885876
5613669
20319214
7621290
21412654
12539362
17605428
37290780
3071311
21957501
11080708
3665529
4048605
3594017
9857985
20374653
16610769
1563781
17788553
10816313
6878343
24505295
10697907
704851
14917752
13894600
3003545
10069075
8543277
37943528
31820638
11468703
25401672
14948412
38309582
11465847
30191778
21317034
24818330
20674181
23142193
20578040
23117977
26604219
4386879
20693714
24376050
32855928
6310367
13328288
39079531
19460704
4460595
20007977
28623307
37730823
14760995
4397987
11418386
37430913
35741017
30008674
19473525
22113451
3560691
10697883
19921882
37302244
713247
16608046
715889
24456739
20317257
2715109
6805591
10681301
616407
13059424
4539441
11348722
13568219
3019913
13354648
3568465
10069483
6878383
12225314
12225314
2940745
40351876
36528722
24499255
14948691
36493873
10142269
14080652
29436154
20676584
4389775
8822674
11251735
10145928
23620864
24371389
11960996
20712873
11375305
14569013
17870957
33026327
35522607
35764741
34426333
17510219
32247503
743386
8819725
14939426
10771424
40343230
5486329
13325515
28619394
19893276
8819213
14677511
35962828
33969367
8818035
34455577
37290406
3240925
10767776
11468555
6880525
13569082
21129614
6202997
593007
12634433
712283
5875295
11487786
13859149
2611977
305831
11626955
5667293
15241591
752286
9365155
10493707
4538605
7634549
6609139
2130951
8353554
4642979
658538
19791121
5412891
19638073
10679687
29187429
8361991
2360487
4442253
12410986
8274317
2131441
20680747
19845668
9060700
10485733
9133170
619047
871386
19912999
722981
8032915
32602098
34180031
14569063
14568998
25401645
40350394
5607303
2609437
708743
14961057
6878323
1311707
37292293
37691171
37291589
2937595
10143982
2880223
32858450
24175783
29456771
41239825
32854740
11952735
20712584
38906622
13861288
16964464
27775676
16523479
19399293
16272656
618303
2951941
13979558
35447587
19921898
5205711
24799303
30568955
9982566
21129619
5771505
17792123
722820
10440816
748885
748587
37290922
41136943
14566337
712616
21921241
24508287
36651420
34781297
34337339
32855613
33107280
41234823
15170354
33099441
21466087
22484222
22485707
29446449
37302994
12126504
32266019
748867
5585767
5586779
748860
748796
748729
37289401
19921910
36284011
197612
37294602
37291031
41119349
14949458
37291246
3569233
14677533
29931445
5193379
10469943
5646861
39751299
20373487
34292701
724530
41113925
14949497
5485887
41234825
20674286
17895136
37286859
14913733
37290944
37297799
6478757
10489856
17632874
1616961
16572987
748865
14945524
712750
2611333
41146084
37290060
3493431
37295619
37295677
729122
40348221
2924381
32900890
7447383
41274758
41113660
41274209
15428119
29440849
26269548
7776878
35525239
37427110
25098280
33858454
14079542
26253142
1741929
15269451
17875850
36526335
31727776
37289936
36524349
36503822
17879017
36497105
8823213
37233063
10507539
8327267
8324725
748940
458250
8818325
29425483
14677521
41273771
20712883
20712863
23407543
41273376
15675045
14508445
41273594
16518032
19614371
20689065
20712264
26270648
7218499
37287231
3613317
30569460
27783788
37726055
2013445
2316961
14473301
14080968
616365
36277141
22052301
35824169
6878363
197579
16609089
37294047
14668951
6878283
2611943
37295494
39658607
37310669
2934273
8362114
4818337
11589307
36699543
10581161
1929161
33136984
27927726
12206668
32033717
840390
10784946
25730627
32028822
3873909
32033383
1733317
32033730
10281192
23590831
34942696
6090183
32648392
4536405
6597807
3021869
12730548
15674844
7184855
842572
12738344
10596796
290641
1735843
20913598
6481195
34928767
29454689
14470707
12486509
809652
31278786
11508168
3717703
1929211
12480743
283110
22358908
32243658
25918805
1965487
13291794
32039598
20007646
12069700
32648365
22356225
259935
12206824
29418235
6878263
4529255
36700347
31322859
13007748
840584
4048043
11217956
26021690
4538569
19649161
15340168
3650913
10759690
31092386
14507169
2891809
6598039
32036936
21464946
3932165
32003375
1823081
21973814
12628815
24426548
26021642
32453719
13561036
13753821
10142975
5463397
310984
648112
36700352
14758213
655609
3132977
10141729
13442996
10579996
1890339
24763732
12206842
14757019
3249463
10581878
11588693
35170466
19351190
24764475
11489374
4066415
17510352
1693831
25918812
269707
4533169
35773440
1019272
31173570
10693661
938076
23392911
938174
29964500
32036308
4539483
13097571
23622471
2253899
6878293
923155
13481647
694388
16918953
35059800
2130371
32648385
24423071
2785561
20424198
694338
10751511
11336813
3021455
10758575
31188196
31173927
36243633
11251951
37694867
12206713
871834
39033996
10280108
515795
36368641
2452471
12421267
19884515
34556100
26229504
35729872
588375
21982395
4053567
23636180
2776529
13352371
177294
12486516
31276832
4538661
2119907
24077105
4048581
11626981
14759175
799377
15452591
14913053
11251743
34478306
7856840
29396058
15286472
19884450
23105940
14878121
2892045
8887877
31001687
6878303
4538233
33928555
34478298
17946556
11508176
20578042
16619963
6073611
34942627
11370862
11213994
21982528
2360457
19758866
15286469
799047
19462200
1594939
4538877
3666899
35770986
10141173
6878273
1439651
14931019
8946199
15286656
36264193
111950
712726
9984235
6165547
10732592
16837944
32044154
7615910
35193647
10581972
31083866
8947596
1929233
39696803
722986
4539415
11802138
10689868
10071018
7357967
20007984
19758809
24031461
2570827
14647608
35390893
1929225
10697476
17510355
712244
15363972
856051
10149651
17425395
14566322
21982057
24137936
17946769
7337765
4059671
17533618
14380995
24153113
23105947
33802447
14084476
4397605
20929683
4538263
22479947
21317020
11374712
24360287
15663039
14645571
10140438
21465183
3775735
6878373
10131176
14763849
31261844
1587275
19556261
33911924
17511117
4932919
684729
4065031
11251770
16256606
738611
37941936
23409923
20013818
35964172
33799683
6925463
33815238
13861313
4631761
2318845
10695043
6443873
476199
19442974
9731371
35347756
17881084
29633218
31084059
35754154
1007933
4540009
959737
21129624
12673683
1706099
8339694
25052766
17050615
22481216
11110653
13176431
916706
34478313
35281385
4932773
1418743
17751071
13858060
21317030
17605419
37119367
17879459
1003657
8031111
79742
4590519
3594055
6803095
11627000
32648364
12206861
14380981
37843824
1206341
8123799
4048707
8123797
14566315
28430065
28320364
11251935
33996665
20123594
916984
13351641
25052647
23258088
1985993
26487851
6388491
21482016
13292623
23861492
30751548
8095133
11626950
35729879
12635106
11626974
6878393
2609481
16521748
12418211
24597442
20374757
23226700
4064449
10776052
1741839
14627670
8033501
7983050
2131361
6926491
11376644
6878313
37601844
15447483
25125941
31469069
15777326
32937961
34016501
35483055
8015780
916896
11626995
33139534
25052048
7958004
21759956
17533614
22044133
4628861
13353506
4538177
20674264
17510512
10145249
854234
6878403
11254535
1993149
2360493
2130943
14621026
30008538
28937245
26611759
19884083
25100431
25770566
15224447
31069903
3776923
9363638
37942917
34590658
11533398
9727985
34567934
32246075
10732873
11415485
4539243
7621088
4538011
5868813
17533639
2998105
35965073
6878353
37299857
12275398
21982716
35532358
23865953
11251711
14961138
19441862
31182992
35759318
2640471
16256385
20711020
36995802
25052408
20376348
754976
4065607
21879864
20578044
23635823
8129371
2360443
917556
4533915
917986
37290898
14955572
713771
916828
6878333
37293990
1694229
14677526
31063588
23285218
34775156
11251937
28938989
10151102
5631707
2131353
35527589
5613669
19885876
31172340
20319214
7621290
21412654
12539362
17605428
37290780
3071311
21957501
11080708
3665529
4048605
3594017
9857985
20374653
16610769
1563781
17788553
10816313
6878343
24505295
10697907
704851
14917752
13894600
3003545
10069075
8543277
37943528
31820638
11468703
25401672
14948412
38309582
11465847
21317034
20674181
24818330
30191778
23142193
20578040
23117977
4386879
20693714
26604219
24376050
32855928
6310367
13328288
39079531
19460704
4460595
20007977
28623307
37730823
14760995
4397987
11418386
37430913
35741017
30008674
19473525
3560691
22113451
10697883
19921882
37302244
16608046
713247
715889
24456739
20317257
2715109
6805591
10681301
616407
13059424
4539441
11348722
13568219
3019913
13354648
3568465
10069483
6878383
12225314
2940745
40351876
36528722
24499255
14948691
36493873
10142269
14080652
29436154
20676584
4389775
8822674
11251735
10145928
23620864
24371389
11960996
11375305
20712873
14569013
17870957
33026327
35522607
35764741
34426333
17510219
32247503
16518032
743386
8819725
14939426
10771424
40343230
5486329
28619394
13325515
19893276
8819213
14677511
35962828
8818035
33969367
34455577
3240925
37290406
10767776
11468555
6880525
13569082
21129614
6202997
593007
12634433
712283
5875295
13859149
11487786
2611977
305831
5667293
11626955
15241591
752286
9365155
10493707
4538605
7634549
6609139
2130951
8353554
4642979
658538
19791121
5412891
19638073
10679687
29187429
8361991
2360487
4442253
8274317
12410986
2131441
20680747
19845668
9060700
9133170
10485733
619047
871386
40350394
5607303
37691171
34180031
722981
14568998
14569063
19912999
2609437
6878323
1311707
708743
14961057
37292293
8032915
25401645
37291589
32602098
10143982
32858450
24175783
16523479
27775676
16964464
19399293
2880223
2937595
41239825
38906622
13861288
29456771
11952735
32854740
2951941
20712584
618303
16272656
13979558
35447587
19921898
5205711
24799303
30568955
9982566
21129619
5771505
17792123
722820
10440816
748885
748587
37290922
41136943
14566337
712616
21921241
24508287
36651420
34781297
34337339
32855613
33107280
41234823
15170354
33099441
21466087
22484222
22485707
29446449
37302994
12126504
3569233
14677533
32266019
39751299
20373487
724530
5585767
5586779
29931445
5646861
10469943
5193379
748860
748796
748867
748729
37294602
197612
36284011
19921910
37289401
37291031
41119349
14949458
37291246
41113925
41234825
14949497
37297799
34292701
5485887
20674286
37290944
37286859
14913733
17895136
6478757
10489856
17632874
1616961
16572987
748865
14945524
712750
2611333
41146084
37290060
3493431
37295619
37295677
40348221
729122
2924381
7447383
41113660
41274209
15428119
32900890
41274758
29440849
26269548
33858454
37427110
35525239
25098280
7776878
10507539
8324725
748940
37233063
8327267
14079542
26253142
17875850
1741929
15269451
31727776
37289936
17879017
36524349
36503822
8823213
36497105
36526335
8818325
29425483
458250
14508445
15675045
14677521
20712883
20712863
41273376
41273594
41273771
23407543
37287231
20712264
7218499
19614371
26270648
20689065
3613317
30569460
27783788
14080968
2013445
37726055
2316961
14473301
616365
36277141
36029669
26660717
8362114
16609089
35824169
6878363
197579
22052301
2611943
14668951
37310669
37295494
39658607
6878283

12613307
9116688
9116691
19535552
22823201
9245718
4563685
2506591
4830329
11551010
7452025
9062929
21784754
15420103
31721093
3419437
2932791
26462809
3460963
4834199
15612345
9218786
31734370
37502350
9131493
3389287
14704202
4131217
14709648
2506547
12089128
13693960
23353421
9072520
4826123
5606739
4569441
9017692
5689565
21969999
19541360
11152405
9123113
37199916
4239937
31782382
2933293
4832679
5608511
3450661
9192513
31757510
9104614
5647795
2958659
8005654
12538362
8393219
4578865
15192298
2506099
31790044
3459407
25526478
2506333
4241107
10490607
10484003
16936032
9119724
15612218
30012422
4870295
5617789
9226479
32165840
14200012
12445625
4129123
35507952
12617024
4873629
31724681
8274863
18509046
31731348
5627959
2933359
3410609
2943085
13806641
2930085
4243487
3389061
3453051
29184928
10482791
5652221
12202031
4243121
19812826
4570767
9358028
9084947
2939747
15590054
9189505
4834387
9030203
22498309
3391309
23554177
5634773
5660455
4237305
3460145
12391979
9205727
4131571
2506761
3400683
13694301
3413583
15674083
23808370
31796483
3433513
4826821
2934437
31722536
16581330
9241166
34248735
23354585
9130105
6292539
2958829
4244653
15626212
13750655
3466953
2488851
3397225
4129521
5646137
5679427
3386505
11504802
9304385
3617645
31784168
31730389
2949569
14272423
31724560
23950848
2728997
4836979
31535181
5672867
21767236
4130505
16868302
18037655
33692296
4865731
15352631
8974524
9205968
3751331
3411623
3398121
3417935
13400078
9036545
24591593
31744855
5620479
4856995
4238199
2489217
3451393
5590601
4851623
8005576
22822136
2925239
5037355
31728934
19537902
3432347
14923112
4867945
4866961
8841941
4126085
31765202
9143702
12044761
8887465
3396561
5588783
27406692
37137403
10512406
21768197
13194886
6538101
19542058
21301982
31726520
40074041
35472585
9173959
11295680
9106300
5588185
33591843
8981835
4829683
4239161
23655370
31772030
4836787
31754145
21784863
26447478
19812816
26462626
2931361
12382212
9070926
31678807
9238453
9058397
3428535
4855141
21245586
31723792
20325532
4869261
3394451
13760897
15210861
32165142
15626125
436515
14053724
14080601
14080603
33491592
11232442
26114399
378448
13633467
480040
31509726
11713819
14462349
1694077
25208186
35170705
6201209
3014291
551563
1005148
1410655
888553
37751165
6836987
19963127
3658331
24951095
8835159
29190890
36630234
970950
1926761
3953475
35191892
5143339
25692816
750578
479128
10005245
4080373
567066
2619491
1622649
2380007
6566169
2903309
23063303
36495309
418676
7644510
3639597
1476937
16084263
572433
974014
810227
970948
22383811
408131
10694712
3287699
15415622
20647017
19792256
1817629
1660829
19963125
1660831
5852521
31579132
579823
985266
32053108
3608625
3954355
415412
111579
11081535
1443169
19358822
36048527
19392667
549968
2719817
1933177
2852297
36666733
8121460
335337
19349136
513788
7718733
33543717
403896
435425
37442462
7833728
648065
599055
37865675
950719
8327472
377644
541167
19775321
22084025
29830702
13852926
25500540
10292507
8965213
439877
483936
7491315
22120898
3608623
11347711
5513811
32490134
429150
1074094
3071853
12005714
8835165
7369223
474397
4441015
1534397
32308161
912264
347334
34454430
13797248
35905907
37367964
10581200
2796917
332626
38433931
915426
32921096
2099189
8313356
6807847
11290808
393736
509829
10859090
381234
19349145
614854
8885997
763843
14508205
397616
7916685
12204839
37751167
28580973
888708
442772
346564
479004
573011
14035043
10597515
32490132
3641267
12477872
13419678
10286143
500702
12489237
34240215
8886003
33007768
35723007
342027
32722461
13326095
15631001
41263075
2430425
17336364
3211517
557297
580112
14683307
1028804
4679351
1928361
4540793
470590
35785488
6640311
17012793
8885999
31993285
14683293
525849
450735
2287449
36723889
14957400
410975
744718
36876885
346639
4990077
548072
10265887
4371159
33396525
4440569
542706
29591072
580509
475494
24876873
426595
970417
10786306
439959
4175367
24348052
7087101
30764813
31993283
7839316
1926791
970932
5513965
3698473
19884509
5545275
19787507
7958730
22171141
33543685
36723886
36777931
369946
1446609
349212
34938402
10281626
3304875
1709947
36723899
10266128
9687412
10720730
19588948
562047
185906
35010878
10738012
12332996
1660837
373763
682535
1697191
7982626
582569
535772
32040138
423135
564848
3640421
1217475
983153
36363192
4940239
1640099
7982628
14158623
1387541
374106
20444622
550432
9695881
17944546
13797246
1565657
592929
1289723
5983501
17879295
15267827
500670
32192508
15428750
5833895
35191893
689381
29246137
36723880
368066
16680373
15061537
1321419
12391718
1843585
425284
476257
888211
1475801
5112975
40357660
394434
4219547
393540
26144665
787785
442424
15806133
15592540
11194574
1475793
367559
370811
394473
31553651
1354113
536591
14449113
1933181
14674514
1704327
1517213
448500
566307
454245
25746159
550428
35905909
3102757
543197
1651955
24629014
11336581
453820
4164113
12647239
6563565
462973
537456
454309
4164119
4297275
759024
8414319
21191692
580142
686978
10738198
899437
1591101
470904
3472311
439858
22984216
11251086
2801999
7822079
376124
532016
467815
15415437
2782635
34553360
5449569
440145
11413616
370260
36385306
4368203
15445963
10570555
1379839
569692
3136211
982037
13816239
916563
4164111
34434286
1644057
3007709
10383904
13329777
7941623
480687
2612737
37866646
13316246
1600103
5449561
529363
10920495
20361534
549084
3644267
35196247
20936418
10780912
1559537
15200822
31219037
625084
397920
860770
1080002
851099
861364
4327477
4164117
558546
3102831
3737963
13558248
10562127
23576202
5535273
6926849
16158713
28856244
3953471
2063941
1475803
20104310
486348
26686172
1013062
1013112
1559415
1559411
13828475
21084752
11587220
33544468
1892069
1559585
1559581
1559589
36462494
7321979
7668694
7308359
14615078
7230533
36462498
7082009
7693094
35021441
10806109
35180272
8349089
4401241
10784269
32746615
1559601
33544475
19814807
2145583
1711115
17474957
14615340
3718023
5456721
10085222
21031576
7322123
1550141
7322047
36646568
6498565
14615616
31646402
17929215
29559514
3235231
7358865
3234697
31950928
1822195
2145217
8381655
1559593
6507039
17929617
2095581
12135384
32168023
4644611
1932813
17326162
3236729
4654853
26035981
35436237
6194587
12430341
11414031
2648565
8081891
7003317
7017093
13629337
1676637
19240181
23608955
7816029
31949593
6559551
2702957
2371263
7493081
7016683
2829265
26029855
29565270
1702393
11617899
6406891
8318628
19879456
10075988
19814731
15413524
7276139
19842381
14698200
25995417
8148823
16056469
15158889
2711675
14617753
8317272
31326557
35131665
19579180
6431325
1671891
31948714
19846008
7338889
1918499
13463520
973036
4789155
3749663
1918707
4328405
24382188
1702367
24376736
2644271
2615273
1822197
2642411
1671889
19842184
26213257
33544472
5946485
8341064
19844869
21863574
19893444
4433675
5946449
8011648
10055517
14136596
32878447
6538733
1705743
36391925
36158788
1671991
2016955
7127009
8364178
6351507
16268840
19850000
8838511
6640423
2211331
31993249
15149989
10053697
31188806
4475831
34426422
8341054
1364349
12081389
9817034
21761424
39963886
1724487
8318692
12260033
26270278
31837316
2077119
1702355
849289
2727219
1789543
9416843
19362344
2248165
7350375
7973395
15161886
24223054
1671973
8162380
6311103
22449738
10692524
17910392
8130485
1789545
17929217
6295817
8036267
20462736
8318400
29016764
10084219
32876786
21682948
6301725
1927349
13408436
15677907
2132819
19474969
8271709
13631424
9982504
25075015
1205867
1745467
7276839
6506035
19988350
19896804
2065135
11718374
16861560
1701335
2904891
10677768
11389870
19849964
2095419
8271890
24511348
1705685
1702491
1987257
31239090
32007175
1789583
24521094
36102369
7166935
16555486
24510535
1610013
3750173
8007121
8341058
8020388
8079976
10075832
2209667
6462623
2862843
4134749
10316179
9947069
8361852
1701365
2936629
11472227
1702673
2936601
36158793
10122318
7358283
2248171
4611507
19842451
32101835
13107527
7005079
1702275
1702637
5012223
1064512
4294465
10647243
7140489
14108975
19763514
19741850
1702263
1671903
6396069
29957399
14137164
20634227
9982475
10563819
8130502
34571047
33544470
1705667
967181
29187589
29256361
25295008
21746205
21879994
14997065
22492532
2936635
1702453
1702633
6740295
38381342
14971785
6395133
9809424
25988729
23552286
1068692
1068716
1068714
1068700
1068722
1068718
1068720
1068706
1068710
900249
5946489
9975853
25385237
967083
1664281
11376882
26224933
8113007
7465623
32182340
6293591
23602939
14137810
7983045
1068704
2376893
7338895
2109329
1664261
1068688
1068696
7852323
7975647
40633722
5023249
7338883
4348885
4795741
2916073
6643889
8138787
30685250
16138577
32908751
14643946
19750606
1364399
3628273
1702435
1664277
9829799
34278073
8122787
1364355
8148450
7086915
19770538
17487153
11528331
6972717
6530851
4795623
2732295
967131
1702423
1674521
967143
967169
1702241
1705789
7816222
7338893
25754482
11470932
2142805
16202320
23200724
21879984
6641871
10111600
40720044
15256277
10370072
11466700
4611501
1883497
1702363
900281
1702655
1702867
1671901
1705731
8680714
32101871
7010725
29569765
31951039
8148439
11855409
21879168
1927493
1702763
2668383
1818227
1883513
2037621
33544477
26268344
24510464
2109295
8122781
29936448
14926453
14925893
26271372
1705699
1671837
1931951
7185439
7166903
8122779
