26480470
14320144
594135
8284182
8285101
2961899
13300553
2037481
17610773
24908935
10366477
27655485
4446649
34728364
19773605
20915053
10696296
468671
2749765
8287285
10365164
24916846
10367751
22770089
605731
24461110
20075754
6362327
3016703
19448014
25178849
10282588
16837741
8283069
14640401
24842081
16799134
12136490
20112343
19773138
3039111
3037115
24755820
14767726
9724268
12653694
16866852
22406426
6778861
17494229
32346030
13300553
20817370
37737968
11584607
32711715
31998696
4085137
11652580
23171295
2037481
29184387
20446571
24286883
25401703
24733708
24710862
32379489
25919682
31061444
4216983
16345083
35283537
4407935
16342258
23242057
21050203
23940488
34768852
24756000
20506941
7884717
14865704
20541997
13904578
13633710
14685474
21013528
26287782
5477959
17463400
11277145
35573460
17610773
21171982
14472090
14046388
2031393
31893492
9147435
19807419
16094427
4071525
10055936
15506504
36565291
11506821
8085006
15183812
11218309
20445468
32372971
15163050
36435163
20792609
22383751
1893215
16627976
13598523
2058447
15508939
13373226
14519218
10267780
12304509
12453280
1674997
15510666
1732539
10490286
7884726
25455347
4446649
10752453
15467577
1800499
16191205
34728364
8001803
2029709
20999259
28423598
853145
7133389
573875
31061406
16562974
26711117
11195083
11449079
8084969
31111211
36466139
3104723
31571457
25770295
8085032
2028467
14867662
33438353
34744054
8173459
14232837
787989
31541907
14660594
8173116
12278336
1732527
31585500
33401110
24628570
26142331
2393997
10577604
24297385
15167138
1474473
20330300
10740201
10032694
35936354
4219579
21126460
4193371
23302196
10970627
2750907
10798573
468671
2393615
21017065
11179710
22022206
23287352
15334859
2393849
16666504
21047670
7941173
2028361
16164524
8193935
35717449
32722445
3307867
23938045
4125695
2009393
8084863
26710868
10776833
8237398
20368129
15897149
5928505
920539
17593095
14845475
13419271
13333342
16019029
14012759
8173181
4613221
21943619
28414835
4982469
6569497
35283342
20424245
24288009
12038835
26054595
6769067
4427141
21582302
2749765
572505
40014335
25048688
12038945
7261969
19739753
13407051
31544041
24710824
12405104
2058451
2058449
41081639
12071482
11203600
37740023
16581659
11084447
2703625
16447651
27899723
15154968
23421085
31132402
15089545
13300560
15480611
17942592
20601270
20582873
26209054
20836327
10104433
32695004
4407961
2406065
19931123
32747469
8084902
24629539
22771046
6566691
1675001
8084872
10592478
605731
34710184
8173385
8084982
22871185
2994843
32747698
30040681
22169119
25363379
19932924
31117195
15330138
17536797
5477867
12218750
2393607
32377097
35413635
13556307
2393823
10572219
4193305
8084993
35416117
11490146
1810519
1724099
9422130
26145723
15009312
35846503
11121985
10102139
8084923
17533150
34339554
17504767
21572064
23033100
11108323
6919603
3790719
10590023
10019292
24744998
21975202
22022154
15625759
24753068
10080120
2031687
1891483
19448014
12403407
14157154
13798160
34557989
13957956
33386441
24618388
10822375
20224589
17634804
20448516
12207913
10282588
6443235
2029705
8093474
35845564
31918818
11489708
17497266
16265051
21053802
25617959
10759081
25052430
2899317
25411797
7091559
10815432
20634699
20261151
25749520
14001258
15794357
10954335
35413474
13419358
5173827
4070261
8084948
4407959
21134933
37088735
34723563
12190615
11404303
21567079
12136490
17492516
13195579
22242987
13121031
7978765
10719094
24934165
26184385
5003659
15281707
2037363
5477843
15588781
13090538
5833751
5512341
1891485
5478121
606468
34624077
11225853
22948644
11998908
13406682
4902221
8583295
13705151
3494145
10412948
25768431
36029859
34724879
35193767
26156451
17538548
20468611
33310319
25319951
20542292
32111846
8238266
11249538
31890525
28618575
6979761
25078459
22873058
22022180
20998811
35158527
7858712
14421899
35367885
22012542
35756545
31895164
2997443
16259230
3705765
17056688
24755820
10957155
35404541
24404589
7677227
5504159
6982715
34434361
20225276
11289107
5975283
32214962
9619951
27380201
12653694
33340929
26077673
19576606
35572993
32351176
10848190
1809491
1993819
8432676
32454277
35903444
22771967
20327837
11120887
34556110
20446220
10851640
6720435
22612194
14055362
11137979
20587078
24832218
21142708
15826669
22758166
22031183
33314694
15334701
11450381
21044433
25074427
7030117
31979393
20213938
13093412
12884973
12988906
21078622
12217829
10053871
20423859
497010
16295148
9421674
32374711
7940133
31543867
20542076
23639075
9672635
13769303
21051473
15371750
7752322
2395891
4407971
16102847
6220867
19732410
4333153
4902245
10562809
23617955
3560277
35223443
22844289
21582543
34554195
35937750
30993932
34540410
11078929
20277553
4612961
14332485
10778712
1735713
11225864
20413253
21325920
468673
2406109
6939523
31716005
20290396
35937327
35416112
36755933
9976788
33407329
24188693
32147548
13566087
23557838
11424122
34232509
35199144
3104521
4206907
5003285
31646109
34231522
29960436
9827729
25080610
19275490
27854056
19733983
21375052
16153166
13773875
2899201
25631086
1815413
17982956
8084887
19931476
5077301
10018852
35485698
35374167
6422387
35728862
3564447
16375564
2593913
9522213
12134748
7983292
13363447
5747097
8256623
4407929
10103578
12006858
9791862
4306489
2809839
11447484
16579749
2031493
10278537
20447451
6277105
7939593
13301071
21031619
4318257
8084940
3394885
10010098
20262425
13290521
38154874
24895052
12095741
36085438
14370639
40599494
573816
35407343
11387199
36839190
22015292
36747423
37225028
6693957
20413144
4456067
8901696
8256142
34498450
12729432
17632094
25882108
8152493
25881240
32396912
20495118
22631123
32746396
12241558
23802934
22984368
38587193
33322271
16177819
36331516
32237732
22893421
15598949
11510468
12129349
10010417
11448804
25733410
21315053
7014013
12883156
31827361
37662083
15750517
34234547
33744907
7722678
5754457
33157241
36297061
23377560
25733894
16875654
20552413
11266240
15512328
4456527
13625621
10290260
3629875
4444079
7405339
13361205
24295738
32380235
8084882
30034345
19772292
6918991
3772763
23026339
3772765
17969614
14386113
14931124
13313312
10099155
13350539
13326992
1674995
684529
598130
7457853
1743585
7471861
21166812
3790623
6278233
10714223
8442932
12302567
1893219
2031411
15178398
17593105
11188033
3103711
3790547
573830
3942407
8280980
3790369
10765645
11611701
11626242
10414822
10072242
7600259
11508325
11490383
36869149
20489058
35600578
7857489
36184925
34389601
31117311
35206970
35324032
26474112
33591144
35224863
21106507
11859733
21021478
34168750
26470970
1812859
28021645
36527517
9672497
35611860
20447660
11489878
1743973
37659115
16197012
20678363
19393899
15833171
36330769
11645920
11498921
20423396
20423604
33712112
35303722
4598033
34682322
34693281
35527956
32217916
22022145
35619029
38385515
35962607
24121178
10390706
37266652
22022234
16567968
7858291
32900829
20199786
38306752
11489787
33644928
32746498
19389321
14310359
32414151
16077581
5003665
23566097
20447483
9146174
16283934
15636989
11306224
32281709
19731888
29610132
21484269
14386097
11450013
15616618
10697966
16097699
16265042
34233643
12222037
29591268
3909091
4959135
3648043
23539089
19808486
33269978
32905792
11664860
10297968
19679075
10273587
19786912
22012598
22161557
22875838
839175
6144285
4982979
6876827
14425462
572424
20424269
7298317
11489810
24950592
10056555
15383288
11255117
13300598
7802723
572402
13994110
8296259
35413523
14561951
19890300
17634773
10562446
20450546
14660896
23251503
5003163
15890142
20498350
10084280
26083161
2393977
15232677
32376213
19825292
21124014
16658459
31826744
22713414
990190
2037275
4902071
22030094
6504757
20317767
2031257
9853736
3790511
20290387
29831076
31998760
3104951
4191789
3103907
1651963
21567217
9825529
11249218
7724066
11195289
24897295
1700179
9794706
20650745
31825460
2023359
7957967
7190369
31234298
31711997
31928366
36082088
11501222
35843526
21185601
27881838
25269458
21019965
35617387
24389129
20849294
34362685
24794501
40057886
35374474
28591832
35594326
3007599
35672054
13333624
13334948
34707313
22030187
11226304
38161246
17382109
4355843
2394025
605701
15515870
29937802
23399322
4355339
30677783
24552395
32895260
16295249
33730979
23347035
8378411
788015
35936264
21967294
38422492
36213959
8093483
24895984
8336743
14454992
3463543
35575291
32063952
38257092
21604429
3961465
11786365
10713961
28741414
24312023
10822621
20224116
7127281
34403246
37592630
10822621
10729213
21173234
1674993
11249058
15674410
7675824
27830411
31192130
22663852
23904524
19852305
17603541
7395063
6398091
23131501
11489484
24650087
40959845
11492060
7365757
4345787
31810286
4940191
17456008
19356781
12217040
3630295
20628813
23868678
28912611
20540935
21223582
33805838
27735524
35367834
23938179
11339447
40756377
32356937
5928325
2630657
12218978
37469962
9734486
23736606
34452220
20424575
25287120
37109415
15335785
31685573
23420192
2635297
36845397
34710812
13005706
4962265
5003115
3797003
35839602
8410826
1817783
30686518
14683068
8334632
23460971
16310080
31045083
8167262
22018126
16213648
21548650
26149766
31685627
12405055
3323723
6981775
19287648
35188359
11187990
14194335
11524691
7989813
20052996
7671964
6770901
787983
34284468
35922812
21203289
13633677
27561803
15147579
38118536
28022091
16228793
30747159
5003705
34553376
22022204
13968567
9723456
15636992
15946750
38151164
17519551
10046308
25919707
33866940
5886003
15413892
15516364
5766349
4196457
9976687
2031333
845437
19931389
32373245
7695626
11626284
24902384
26796030
11803281
1746933
1217961
19931433
10130693
11292834
32956103
21033886
36707284
26314495
22269440
3909077
11234292
33745242
13174047
16981467
2029607
15513160
7891716
15323206
17473920
10160401
834018
573829
35575439
5477925
2809725
31422083
8316975
13428523
24510660
16061924
22978350
10056562
25919668
11489813
20368453
15330929
22978334
14384996
10670007
20532420
20234657
15320765
10368434
18795200
6201827
14385981
25078472
31568883
26210433
12297375
6276839
9672916
8569098
4407987
13539485
12601467
14035994
15886102
10116216
20424662
26217647
12089469
12302852
23093721
35374545
25646118
25386056
16644904
35611649
16178171
35529855
25248301
35303096
22614495
15137180
12129430
24756042
23144917
5908153
20589009
21143356
10072517
2406129
7917223
7149651
26733283
7995917
12566804
15223713
3788701
15817140
13633893
11750346
16368557
19814102
20259763
33759482
5182697
35192487
13565822
31232304
40419843
9835794
35229583
6831069
3395141
28027616
12666251
35579042
37012706
25887698
33063282
10671234
34454271
32049590
11721626
8093456
11402263
19531492
36084255
31260459
16519387
33759629
34401962
40014334
34845624
14002785
7395161
13721190
11489461
15267531
21977344
11490107
34965363
32411814
33385096
34168745
37110766
31061550
9793991
25075548
35580598
35952810
35603036
29743609
14273130
31953221
14328090
22022162
14813825
29619550
36083590
28730384
10583247
20104084
1817697
10108944
10127556
36580213
13556085
36560950
788019
8336753
33744904
31877106
4598049
34704338
32683161
38496185
37470110
21313672
19903839
22151726
26457322
4433741
6904513
24754169
11886861
16265008
37589408
14453845
14195439
19902291
4433717
12038533
25404108
8335993
4902201
35415972
11806074
35416074
37470298
11587469
8565791
12602541
24754755
14924001
24838167
23899062
27930326
16240614
14437720
20541922
35618694
11508863
20678374
37469845
35956038
13902905
13668484
22978783
13121649
3842273
4434131
1217963
26036451
20445164
20103185
37664854
11103457
14101150
11489771
34345342
35415895
9672458
5937993
2023371
5003195
36453271
29937907
37473462
31882926
25001202
34502734
32408374
10766383
33275620
14672467
17488966
17618297
17624764
6919357
36522111
25122686
11185949
21315646
11021260
34403665
7944786
23266827
14046615
12038820
26089674
13687378
21583549
15240449
23628492
20623928
26225003
21284899
21179238
31969890
4617683
19787630
14373944
19878911
31613309
16277670
572568
16579589
12409356
35416320
36560666
37741267
34747584
35005683
35956811
14333791
3438169
32346602
24997449
32147552
31711592
25939621
6639487
36332111
36827228
17492345
19988433
35156786
22022198
38075727
22623905
7131277
26030260
32002160
33009343
12406605
23938296
31958377
16169387
15241907
35827441
36827919
36330966
26115306
15636829
29742099
10196476
36852585
13992864
35118258
4982315
33359404
38639797
31203414
35161098
20541950
40942128
21855421
21745154
35855107
26296830
31508932
23395691
35834176
33305029
20044793
35728793
35407101
25759673
25669674
31822839
15516954
10297936
25203449
16166404
25144295
11508757
21126197
33017315
21483198
8346364
35406899
3909157
13327306
16458241
35129975
8410909
13375392
15220804
37677729
25968883
36923561
8152453
35847082
27919334
31511294
19671699
38448729
8395255
14360384
19554004
32216164
21974638
19647218
8432692
36453083
8410599
8393405
5728529
22814090
16260006
21395360
38233266
9835815
8038300
8040315
12728460
36837422
12618598
35953916
7902268
33698175
8453142
13110631
36297907
7181031
32411727
38597426
15225863
21101836
5205535
20819748
29743169
12371603
15506513
19428298
34468124
8374769
37716742
21042378
14178193
38244684
13311357
7950962
35936361
5003633
12218205
10121648
36747387
35735793
26089697
31706984
11490286
24155903
8411128
19841794
20368535
33597374
31622709
5757799
31808192
31294141
22765625
21439487
26049261
20507160
10759927
16984423
23515118
19948878
14618461
13895026
15085528
19893330
33021021
14516747
11594773
22619776
4407915
3399077
17469575
4083623
33137225
14096614
5969783
31858913
35283787
14845956
15922961
7482443
14671112
36592819
32862548
8288442
25315704
6956845
20589170
1743739
4434147
1217965
35132832
11585992
831551
2009117
24749361
37665810
15464302
6940561
1324965
11508342
11291578
3955417
10706549
1805741
15330213
13824516
28640298
15324676
22022251
16206796
13336159
31063708
35844557
11213668
3280269
16944539
7710169
4080705
7228245
13772608
11252947
15750444
2009411
8193892
26713344
7991467
32860122
15994539
31540501
21979243
10750569
25305791
22022181
34261304
24953097
4531335
26073459
23900234
8058283
7973228
10704177
1651959
23846498
10592675
20103629
10190645
13515555
15790140
28103414
13506207
23143674
33379091
11731436
14886092
7060415
23661118
32499460
8818339
1217971
10715513
10717329
11347144
2993399
1988161
20590836
7979109
3884813
13318466
21243570
10830631
6144839
29828231
3648013
2406069
836546
16100285
1893227
21170885
3105947
25919669
11212216
33571932
31625689
31625005
605856
19474073
14189175
31920978
7734231
35420194
8419063
10577246
25068622
35612526
23271274
3284609
15098643
7092583
9947936
13292408
21101829
26223522
14761724
5766435
6869789
7200965
11355231
11258931
11403545
12038905
26149174
15245215
13778683
20541797
13714516
11468155
24732649
20499640
22173329
10066132
12741282
13718295
12278325
7237801
5454835
24960948
24536132
11494464
11274773
11254279
15618076
20327177
14619500
11468019
1811753
21292872
25269532
4150007
15069617
35892490
9672668
20063140
34576432
13327326
31931550
12749346
3013807
2882275
10608008
14655254
32398907
14085207
32902864
16100272
2688629
35575302
31716555
22012570
3658809
4297801
28718518
16260200
23416339
32332983
28676236
15321815
5477895
11452966
34168774
35597384
10574709
31961762
32786352
10713085
8418715
35936334
12193661
5348557
34495210
787963
2037389
22133455
3788693
5754817
21979764
11986523
8047932
26080725
14496236
14927895
22297421
11751408
5908493
4299109
2037597
33741717
23266270
36389473
15816299
37097641
7973131
39367157
35838015
31625700
12663864
35230860
20835940
7719896
35728714
35575688
35131834
36266064
32399481
32569778
32449187
31997896
10762266
20277072
16258522
33388471
8093466
16437708
15607234
24368354
31626089
15150259
40735909
17628836
36992787
35260908
32863917
36453138
34468226
39967733
31263827
36747375
35603078
35921482
37012848
36453221
34302987
34991091
35224891
28390991
35283722
40736146
4067775
36453118
33386728
35467862
23243418
3236949
31911289
35591209
24822024
20541831
17610766
19538463
12103065
33098035
21173963
35936343
8010165
36527356
35728670
32392185
39913294
16127400
35896243
10109080
32933145
35522654
21204509
24733721
35420364
35610352
11490223
36779202
32376604
28570014
33759513
33082367
31142824
14661014
26666395
34600094
13409656
6961061
31086491
33395148
16458775
9975856
24753938
9993046
2222653
1806979
6168547
7106273
6395111
4433721
35911048
36854287
16147280
20218317
20103276
19930660
3445839
14436640
788069
574053
11805621
37116852
29345407
37884778
32441593
26089711
15393787
39296580
37469896
35674470
31918424
6954421
14975445
14188977
573832
1952445
35527726
37651397
8087862
24156016
10917276
24959997
15943363
10650401
5005537
24947628
5151697
11168774
16077704
10969528
35415859
37133817
20477456
38549307
35534638
24551706
22514763
14436940
15748521
23242111
23477069
24841854
4434183
1947481
606182
7228229
5149291
9346834
8257250
11292921
31877168
37937483
38300091
31840554
29243552
1198469
23589418
21150077
21153732
37469128
37470233
23481092
13670372
37156845
34642993
36946770
10577630
7095319
36081409
34468242
20222271
20106527
14962302
14964051
17003546
22430418
15230587
5535305
4407947
1754711
35415773
35575379
35420303
30748269
12743539
36753856
20106180
20215746
10109127
9798987
12886018
14452976
24223578
28730577
20447956
11805867
16938186
32747708
11203757
34527655
21972548
36026862
12193578
37834912
1818071
5003079
20214052
20223505
26729824
21372320
20446367
35416013
14421807
16191160
26089679
20678372
34472824
37967352
37928846
14453083
20863439
35415965
37932160
31883412
37653057
37931562
33407783
35976405
35171895
12307261
22124147
10056599
37490994
23422749
19904316
19931991
34550458
948553
1947045
2023459
38073504
31601796
7682447
9422649
35892583
33744886
34481510
33359968
1951543
8336946
15332838
5471741
16961632
16367494
37936570
36386419
37974976
13890803
20884328
35871314
14458910
25124558
9860050
37544911
34268457
21265422
21146935
31947016
32361605
41262970
22057076
23166978
23266252
35862193
15477788
32112035
34825654
14421908
34823756
8152357
23892090
11953726
16179015
13730507
10056536
7208693
37885893
34468183
28016945
14329010
12567175
12303886
14175817
14234066
14046437
38162494
12123970
14311700
35407329
14267241
23390082
38371932
21947474
33570446
26089690
36747343
28449527
35211193
25066098
15908247
25327621
35610467
19564198
41083477
25737200
25122142
11448702
33595971
29741083
19904246
3452961
16085661
25318403
23447665
28742374
2473207
35736065
34731613
21928441
20517923
10640279
33426725
25144642
17051431
36747602
35129861
11386478
24988605
16115601
31271132
35525427
32681339
34970132
5766355
29445056
21604484
10791826
23084445
35843301
21101930
36842454
26069416
15637071
24198269
23399571
3387093
24390534
36755988
33640963
11509695
7693072
6154783
20629135
36755970
2597287
32223565
35283751
35844278
14204718
31116604
11390468
22120938
23880614
35841735
16174644
34679391
40744070
26158542
20447897
15505282
31959107
15237390
35861179
25965453
16225049
20907054
22868739
31685450
35413596
20793137
21276466
20804159
22022223
34468138
36224477
39068596
36756084
6154105
37012883
14045177
36318213
4548217
22297365
21316275
32377156
38454677
31810900
26191856
19902765
40916149
32101038
25144372
11103890
28633740
3464003
20787171
2107513
31692325
21263970
35925304
12121393
24199204
33402103
2993563
10757352
35302530
31711116
35745738
16658092
24764418
20445966
14438976
8363004
8342063
8358597
8410883
3075801
35217332
33660422
40343664
32900811
17971281
41166965
22388928
15216604
15507587
21174836
25817690
8346848
8346299
8392560
8374995
26087183
24535300
19341376
32261227
37597270
11198937
26659287
33649704
8147835
31639238
8375023
21285890
16654899
16367460
32137602
7977481
38757899
16994303
12192939
34231736
8453683
8363300
12085740
33759636
15467290
11420183
3909183
7941147
8374815
7395169
35407302
37970026
15134939
11234165
2023363
9791798
35407699
13904507
24842649
34495441
10578257
36083791
20498127
34226593
9824215
16288973
8363067
15464202
8414073
8396215
8436460
17045475
3108823
2296789
12218864
13334827
16961489
37646608
20541962
17596129
605736
31693579
35954553
8345039
16164237
12252331
3075849
10765539
29660529
5003131
3909099
29460245
30796791
12081842
10814541
8375311
20213361
16173982
36619970
6113977
32070381
36798162
35600595
10348150
35360409
37065461
3392833
27526509
35593463
11217821
32063808
15358014
5002949
36081640
27722488
21788506
19512694
27860931
5979275
24730317
1809999
8087933
24729712
19588820
33759489
35837860
32102989
32102763
35749649
7981475
11236269
9577267
10066143
36278773
32181361
24374023
16173259
7963265
10208857
19843494
15592049
24865252
30736303
19706983
19793444
11494393
13678295
10056550
5477961
19707029
24897267
7945210
21018598
26073623
32023338
31583914
10066167
31810583
29741514
29740721
12736896
14617511
572435
15830330
16203453
27534564
33926195
26088142
13110624
13996638
34711885
10738701
4297933
10143007
30745908
36083470
10831147
476553
10711479
5766329
1951605
14086119
576558
1198389
1818119
4108275
2993647
9431457
14047123
23458533
11264874
10670959
572364
12635614
21170191
20808112
20821374
16691278
6784349
34284899
4297573
3657927
8711054
13736266
19749777
35367811
8074841
14863355
8711011
7366837
15598649
11310962
37967334
36330475
35420243
24899530
21243472
21846585
31061539
16016043
20103022
21101879
4633957
22605830
37892737
27860033
7471571
33647222
23418218
22978383
10190596
24900928
16554580
28919480
23408152
19807042
35527373
7768298
20071641
31200705
34700299
33758099
3400547
35191489
9841245
36085544
33059402
12507648
23970654
8442389
15592246
11079250
13100898
23865511
13380106
3909047
32787524
2009039
2009143
2009003
2008977
2008993
2009133
8363140
4070267
4298741
8437332
20620615
1947089
2009113
2008981
2008999
2009107
22641806
4902243
15636959
11022840
7228241
10207369
7459915
12123249
11533209
23026220
16177938
5732143
2694395
4085479
11885997
6992403
10577564
8081913
25186591
11861503
5002931
11849073
12425437
2009011
2009111
2009021
2009033
1217967
11404208
32790412
32414831
1474477
6077849
6352849
8280862
2395993
4407983
2009115
2009025
11442202
12502163
19780261
33008490
3280323
20586481
12115266
22828500
21713425
21979515
7288579
2008979
2008991
15414805
21078372
14927709
8177130
13320253
1993831
2009105
2009145
4597965
10830958
16176976
16080216
31858923
14978360
12371797
13309420
12218915
4477391
6077839
16775042
5757853
1411969
2009141
2993591
990956
2009029
12886022
2635293
16195828
14961646
20274437
10366355
20623596
13301058
9854865
21761309
22766333
10675727
5975897
24888152
7917993
16203640
13426933
15598573
2981593
8729474
2008997
6410093
3388923
4597987
2357197
6475259
15100597
16878593
14978478
21447744
17003410
1724079
6975661
8267116
10693182
13309571
14082914
31539846
32376346
2009019
2008983
2009027
990176
831557
35413096
3104899
20625485
21555515
2023375
8195686
7850459
32332573
11251108
1651961
24266152
36398423
35367774
36501926
3389559
31064122
22132704
8317206
6994911
21162868
31525155
35575282
29743053
21260383
15791349
7717142
5803607
11490304
5757455
3906003
31961417
28724574
4613119
34313705
34421918
17043663
31625666
13673954
12121857
12098301
34468200
35594723
10174040
35186611
21053817
11490052
26357340
19703763
2823387
31968350
28678159
31526665
22022269
24737628
3647955
8417045
31964826
836182
996324
11401591
11849174
17607455
14373395
11489487
37325687
23418207
14924963
11847200
12695402
20832799
9812972
4114063
15562609
12345651
32237997
12092898
35592983
35824670
29741413
22289695
29741438
35483295
35837037
26658485
5977517
14462076
36856239
35259741
15219510
35763060
7094887
16980770
12722807
21442019
20035684
8257625
15801688
13092113
21413737
1815435
12092776
1802311
29611450
22012484
14607516
24801380
24860509
35227393
35040574
35207455
15245894
33649676
31110603
12111830
15505800
35728743
29741828
33599423
12726685
6869531
16998831
16989838
11223914
35967033
33652440
33701884
13127532
10813442
35593353
33651934
35824135
13120619
21572452
25800502
21259950
27844781
27658516
22483664
23098792
7061597
20224038
19786594
35126164
33083204
33652375
35155247
27877968
27534723
24828649
22484556
29742883
15390852
7963625
7253519
9435903
9947912
22176025
572368
33428000
24391173
32706330
11489605
35215665
11750074
23481096
34705046
20832379
21789240
20717489
24544565
8670203
10827923
10377858
13417749
15817133
10826631
28716443
8047951
19240805
35925135
24840809
35155231
34585295
35303332
31625345
22978340
33759522
33407542
20612049
14351921
11851063
20870575
35524804
35420378
4088497
10691694
22967678
11468597
8334596
12252408
15379168
29743438
36044697
28571932
15322961
29741249
20520818
12189071
11709508
7019727
33759459
7395135
35420259
34318142
19738851
17341472
23814366
22548854
23902224
25197154
5957497
14322269
35612491
11585132
12659950
33278378
33385421
31971119
21574130
10647094
20225099
25314785
32056792
32933223
34709736
23126009
20480143
26440971
34935438
23943648
12219647
12660873
22266482
9843979
35768879
33745250
36081358
20363647
17927830
31966650
25168052
37809865
37967356
31499623
19707197
13675762
31581324
7718781
9672487
13310991
16230935
2029671
5478043
4720455
14371777
17903451
633121
7395049
24787616
35136066
1724083
2023367
996328
1951397
2418965
13553061
12514499
476554
31116751
3556105
980575
12000996
290965
1811737
15693339
10814904
12109942
473158
572559
16197243
16583484
16272464
20845653
10350017
14373468
10605687
2811827
14423500
10577639
15148604
6196323
13327156
11586490
15222951
10952122
485406
2472423
2119395
572451
21483695
2694423
463152
476552
2037609
13544117
890576
473154
572422
11255259
12104888
3958427
14248830
7940198
7941113
8032631
7007391
7000699
9670049
10102717
10104259
13824551
12737816
12631980
13198446
3724885
13637094
13728537
13714218
13588184
12237381
13514240
13512222
13300595
14314494
6784375
11611827
11494400
11494411
11494944
12121810
12216915
12272047
11489750
10711123
10752100
11197230
11213661
11859588
10649586
10595926
10593990
9498448
11177807
11251056
11256934
14536927
15791249
14609703
14386773
15788549
14455657
15366980
15398863
15447257
17614709
17960142
16737332
16990308
17767321
36081421
10408037
36778645
36778567
36919282
36778493
36778532
36921071
36927382
36927239
36927356
36927258
36927516
36926750
36927313
36579830
36579776
36580071
36580080
36579974
36579967
36580192
36580180
36927551
36927895
36927947
36928001
36928626
36928633
36929391
36927498
36297777
36297767
36297894
36579735
36579682
36579927
36521000
36297215
36297318
36297325
36297355
36297555
36297263
36296740
36296803
36926664
36927076
36927084
36927208
36927069
36921586
36919419
36919443
36921156
36927061
36923473
36919477
36921343
36920975
12658185
36504362
36524881
11524686
12871390
9977685
20858631
20541959
20789052
21259706
21076194
19478432
21031560
21143143
21482360
20776191
20760221
11859399
21384807
21059010
24802981
30738249
22747051
22828486
23133640
22824825
22956914
23801194
27635493
25144117
26350344
26136124
26036480
25876978
20462668
5941655
17891960
19750472
20501952
23402213
24911790
24787275
29174182
29913376
29834562
29166119
31224767
31551579
31234433
31810956
21101909
31824163
31103621
32103576
36386056
36386293
36386311
31048040
10056480
21128919
5477953
24531498
25200581
33223454
20578218
15239715
35038842
35728683
35735745
35215511
35771456
35367974
16603751
32935031
32744679
32745666
33649878
33732905
33649944
33649754
33844572
34319814
34561625
34678384
31621391
37038207
32180802
29741304
35368014
35575412
29741337
29813742
35601627
35101796
29742863
35601203
29741732
31823859
35355132
35612586
32056307
17056039
20999225
38430186
38475420
38474083
38475096
38475066
38475471
38502167
38475368
38502183
38502098
38502878
38298779
10385022
35346430
13335123
38503190
38503174
38503238
38503679
38503552
38468692
38468088
38503843
38468711
38468272
38468331
38469379
38468745
38473078
38473274
38473903
38472897
38473665
38473836
38473598
35725065
6980949
36690011
20417298
38255297
38255372
38256102
38256177
38256162
38256057
38256117
38256297
38256207
38256342
38256252
38256432
38256492
38256537
38256778
38302739
38303450
38303492
38253422
38254577
38254742
38255192
38255312
38255417
38253512
38253647
38254112
38254097
38254652
38303530
38303773
36580087
15953560
8711067
10183598
25183638
35575321
29743572
12006762
36520936
36778592
36778465
35420305
36580165
31116232
38253797
38253842
38253917
38255642
38254472
38255552
38303109
38302981
12005384
37527106
25144284
35575277
14510506
11709432
29741484
33546324
12993793
36297854
36580325
35237214
36297938
36521043
36297808
25081554
34359798
36778206
36580225
36520962
36778326
36580311
36297514
36297148
36580059
36579660
36580140
36580049
36580266
36580278
36778136
13958133
36082954
13912934
12080231
25087427
14268927
25081774
26672933
29741996
30153440
10282511
16961476
22828518
13714046
16961583
20806387
29742750
21314972
19493310
36778427
36778340
36778150
4939359
24899465
13990970
32900939
34560282
38370365
3909039
35420401
37514057
35575143
33764639
3909135
20244490
22829780
28438279
20244071
36778458
20557131
8441605
35420410
29743601
12188970
12635604
8287239
30998417
12098321
15684809
14365107
9812888
15379777
8476776
25405262
38502994
38503728
38470750
38469145
38469414
38471008
38502316
38471290
38471670
38472117
38502334
38502365
8420303
8419842
8420116
8419683
8419435
8419987
8420052
38470893
38470930
32746246
35302915
38191004
26025337
32793981
28532041
7981484
8173496
28533505
28712815
28710676
11224934
33084198
22878914
20832579
20831752
34576528
37839396
37839060
37946856
37839069
14152012
35912829
35575194
37427830
37837591
36690165
36691393
4419971
16173872
14367206
17043636
16307686
28712659
3245145
38361671
38361825
38361720
38361905
38362166
38362182
38362324
38362260
38474341
38474242
38474850
38474489
38475018
38474751
38362275
38362228
8476897
4306813
13021916
28447684
13332322
14346446
13102612
15434327
33591123
12306268
20954071
20870560
23541573
36094656
22550027
9982287
34504608
13895419
23084578
31826244
35405219
35911593
37469966
15662313
35041019
29898490
22297695
5172027
37012660
36978341
36978246
34604897
8545233
36875904
35965493
16570926
15974180
15966875
36079366
14615137
35175069
36267697
36592795
13673071
14386060
37929900
35605135
35048052
34943667
37873695
36810394
23127818
35591911
30026353
5175501
10593638
35192763
14351509
34849780
36693627
31826617
16352776
35504648
36842094
10732758
33759542
25623098
2406121
14374705
12403915
23442687
40762563
40762517
40763113
40762901
12193461
36108230
7487705
35910842
3421475
7180203
7179931
33139305
33139319
14046872
33083908
33552287
16198632
16688744
41073181
16448815
37512733
33610122
17050185
41065578
38981528
19493624
41121483
35739158
31961974
31961928
31945156
31911147
31911013
31934785
31904051
31942458
31937130
31902462
31904193
31904512
31908200
31947018
31948296
35313378
35316218
31945181
31946406
31945793
31949834
31963538
31964111
31911156
31911224
31910986
31962078
31964083
31964718
31941480
31936971
31939777
31940753
31944702
31961665
37391872
37396486
37396000
38071875
37303348
37316366
37325751
37341869
37388882
37382437
37394958
37394738
38072042
37383476
37388299
37394585
37391424
35333243
35320484
35347510
35321461
35346307
35322793
31909917
32598022
35311424
35314363
35313118
31901706
29216688
31940372
31909947
31949869
31940801
31902375
29224715
29217136
31938919
31901994
31902264
31903937
31945165
31908072
31940841
31908427
31936136
31946668
31902667
31901582
31936127
31901897
31904184
3002903
18007219
38151701
13328998
11271674
8419873
8420198
8419957
8420278
8419821
8419541
8420173
8418780
8419255
8418882
8418422
8419551
8419419
8418831
8420002
8418481
8418296
8418437
8420298
8419185
8419801
8419105
8418275
8418956
8418665
8419594
8419092
8419460
8418562
8418851
8419285
8419430
8419330
8418814
8417923
35937338
8419389
8418476
8418567
8418938
8419623
8418022
8417837
8419414
8419977
8418769
8419399
8417964
8419310
8418511
8420217
8417873
8418802
40762489
8418680
8418066
12218360
12193314
14046473
17608878
34258610
25723703
29437177
34258624
35605219
36020733
32346516
22882424
21584636
27821790
29208637
29213964
29213889
29214090
29190074
29186712
29186804
29213910
29186992
29186721
29210458
29214679
29188037
29212470
29213337
29190235
29208627
29215356
29193183
29216043
29209317
29192340
29190706
29210823
29187030
29212171
29188890
29187349
29209797
29193874
29213828
29215556
29213449
29214155
29187378
29188201
29209402
29211119
32601865
32602139
35314176
35310680
35310110
32598089
32600661
35310981
35312733
35313639
35310552
35310133
35310373
35311376
13301264
36063988
3467221
3421445
11413689
36020790
16776786
8414672
31536979
4928449
4928421
37012687
31625140
35310525
35310516
35318939
35311206
35319836
35312475
35312714
35313763
35312819
35319090
32602560
32602149
32602252
35318124
35318594
35319043
35310391
35312705
35314390
35322369
35313607
35314064
35323038
35312404
35321194
35318911
35319013
35320766
35319389
35319189
35322008
35321308
31904301
31902228
31943218
29217946
31901866
35318352
35318576
37393685
38070818
29189189
28664508
28668585
29191933
28665854
28666769
28665492
28666569
28667187
28666187
29188766
28665197
29188497
28668536
29190786
29186586
29186851
29188972
29187887
29192085
28665808
28662649
29187776
28664106
28664370
28665698
28665214
28660895
28661117
28661369
29187147
29185555
28660841
28665275
28663396
29187506
29188128
28663532
28662418
28665231
25319901
15228922
13093165
29213367
29215981
29214742
29210891
29214729
29214878
29213879
29211255
29211040
29214897
31942065
31941037
31941849
32596364
32596000
31964708
31963520
31964283
31965471
32596227
40349181
40350045
36696444
35671373
8282393
12129818
3314939
40977632
41227073
20806988
28017267
25321217
28017023
28017129
23266182
28014088
23266183
28016325
28014064
22242920
20498087
36747298
24391359
35450728
40972357
13364851
22824841
29879434
29879503
28739665
21223377
32069669
28730368
28730512
28730467
12504562
21174097
39913281
5002973
5003415
5003211
19931469
13381972
26377274
32398967
32399297
32397947
32398660
41349220
31810817
12038971
41348808
35735537
41339758
12219518
41077581
41099345
31892642
39853244
38036284
40847824
40348919
41048386
40989428
40762710
41591728
38253407
38626940
37132199
40847759
41588831
12488663
15818103
32399267
32399445
32399305
22026980
41191296
40647101
41032618
38496202
35872732
12278351
32399111
26267326
31624930
17536063
41099657
40762685
40646804
35367794
40986521
41163992
24368780
36022570
40424424
40763108
35416303
36630243
36453399
40762537
40763169
38086112
40766547
40762428
2406085
28313713
25910056
34149061
41591745
34967734
32573927
40762542
18116931
25691500
41588873
40759701
36527983
35816640
40847866
24071790
39375977
40757039
35599967
28445285
41183612
40977807
11184663
40244080
37938782
40646520
41176563
39653069
24368944
40346259
40647437
32689909
35965667
32398297
15818093
40646452
41263021
41067645
36453276
40762469
36527387
25691566
816189
605703
26030060
24969773
8361753
8336758
8336773
8336862
8336924
25906753
8336662
7815168
8336376
8336148
8336498
24551666
9672850
4434135
1724091
4200873
6217143
6219245
8336463
8336782
8361178
8360719
8360717
8361690
8361806
6939541
7976391
6822565
8336670
8337013
25303224
5149193
3840989
5149729
2365779
2395929
5149253
1995243
5149169
1995305
2020657
1651967
2020649
2020629
2020569
4538049
2038031
2020547
2361457
3479869
1995239
2020647
2020549
5144213
7250793
7647587
7228235
6141673
6886115
4793045
6976973
6776087
5149191
8336115
24237793
8360909
8336895
8361281
8361592
8361818
8361745
8361830
2428449
8336078
8336225
8360826
8360713
8360740
8360761
8336715
8337006
8360769
8360801
8360876
8361334
8361348
8361529
8361543
8361775
8336335
8336912
8336902
8336640
8336731
8360597
8360617
8336350
8360799
8361287
8361521
7682545
818303
816183
788041
2343455
2009189
2365849
5762599
2020551
1715607
2009195
1995343
1668771
748846
787973
4270649
4141649
3835639
8336198
8476790
8336608
8361627
8360925
8361038
8336022
8336212
8336231
5149623
4597967
41588836
14463605
15242372
8395535
8363682
8453516
8358130
8436576
20832495
20831673
8341306
8413690
41022985
23195229
15333660
13852184
10366240
20756510
8360494
8345144
8410747
8342057
8375125
8453744
8363484
8375247
8358998
8391217
8359534
8375065
8410751
8360527
8375201
8346167
8344969
8436308
8413873
35407303
8438167
8437632
8346197
8395589
8345834
8411159
8374611
8437502
8346294
8374817
8346777
8453621
8346484
8453187
8453251
8346697
8341408
8438222
8345110
8345151
8394685
8345445
8345240
8437597
8437542
8453662
8341728
8437687
8437737
8346737
8437512
8453546
8341181
8341400
8363619
8341278
8410830
8341572
8375113
8453878
8341683
8374781
8341604
8410505
8410429
8375029
8341163
8395224
8345422
8345628
8437902
8437842
8345575
8395765
8345809
8344922
8437872
8437802
8437967
8346359
8345204
8437772
8345211
8395490
8345133
8437577
8346172
8437812
8394909
8345845
8345434
8345922
8345887
8346797
8344750
8346812
8438257
8346868
8395832
8394727
8345251
8346314
8394625
8438322
8395058
8438347
8346944
8438022
8438287
8395787
8438202
8395214
8394732
8395827
8395971
8346429
8437942
8438242
8346742
8345785
8438002
8345686
8346469
8346434
8394650
8438007
8438057
8363838
8341869
8374653
8453369
23830833
8363783
8375059
8363781
8375051
8453596
8411296
8363163
8374717
8341472
8375049
8375271
8411286
8363850
8411211
8410832
8410897
8410577
8363715
8363468
8453419
8410903
8453151
8341288
8453438
8375285
8410378
8453444
8410987
8363280
8341382
8453840
8341622
8363654
8410804
8410753
8341909
8363411
8363158
8374833
8358125
8344852
8453581
8453479
8411292
8437232
8375367
8374725
8362971
8392141
8359288
8359421
8410767
8411213
8453146
8359222
8453874
8360382
8437302
8358256
8391707
8358577
8341748
8363036
8410915
8341432
8410776
8453803
8375053
8363650
8363749
8453377
8374865
8375353
8411032
8363055
8341561
8374721
8411310
8362993
8374775
8363909
8395724
8453670
8453354
8374843
8374821
8453583
8341694
8374649
8394822
8341292
8341438
8453736
8358276
8410591
8341147
8363364
8411175
8363380
8437297
8362951
8363707
8358449
8359906
8453120
8453719
8345115
8359682
8360377
8391636
8393088
8413839
8391206
8360229
8412536
8436921
8436656
8391395
8346047
8392104
8344691
8391580
8395445
8412421
8436443
8345068
8396269
8359385
8436931
8344933
8392728
8395290
8344839
8395295
8393292
8394585
8394832
8346369
8346404
8392373
8436408
8359043
8392948
8391687
8395525
8358643
8395495
8392265
8394540
8358917
8412405
8344761
8412561
8395470
8414351
8344887
8395335
8413968
8436263
8413252
8346354
8413109
8413844
8412757
8414294
8341591
8363877
8453032
8395792
8341501
8341378
8362929
8411001
8341999
8363431
8374873
8341821
8411082
8375097
8453677
8453042
8410407
8363062
8411115
8374617
8453057
8375243
8410935
8452957
8362932
8363812
8341883
8363489
8453284
8453783
8410575
8374641
8341785
8453799
8375321
8375299
8374759
8374643
8453820
8363585
8411117
8363345
8374897
8410520
8410719
8374663
8363444
8363747
8375103
8341773
8453931
8410717
8363733
8453434
8341771
8410757
8453571
8410587
8374581
8363546
8374965
8346672
8411077
8437667
8453666
8410818
8453818
8341270
8453787
8363574
8363388
8362983
8374853
8359447
8358379
8363460
8346605
8374623
8395189
8391958
8358495
8391666
8453456
8359344
8396194
8363862
8359510
8453319
8359472
8359994
8392458
8453868
8346600
8437222
8360138
8391365
8359028
8391717
8358302
8358211
8358354
8391848
8391554
8358318
8360082
8363624
8358587
8359740
8453738
8359416
8391590
8359390
8363329
8358776
8391400
8359596
8358618
8358436
8359967
8360093
8391869
8437227
8358962
8392023
8392577
8392693
8375267
8359606
8358561
8410368
8392230
8359426
8392428
8392990
8358404
8359160
8358912
8359467
8437247
8391533
8392046
8391508
8391237
8358282
8393360
8360128
8392463
8360223
8359411
8393395
8436373
8359232
8362942
8392099
8358826
8360104
8341358
8359008
8395380
8393287
8393328
8346126
8344650
8395709
8437357
8393127
8392473
8359591
8436470
8391641
8437157
8345997
8395694
8436911
8359722
8346334
8414246
8345985
8395340
8436841
8391923
8346374
8359059
8436636
8412586
8360173
8358821
8392067
8374671
8395890
8396433
8436243
8391988
8345010
8395689
8391798
8392583
8346650
8345857
8345715
8412498
8359033
8395159
8359253
8392378
8436323
8412857
8436731
8345062
8346702
8413924
8412697
8395104
8345962
8412268
8414154
8396448
8396402
8346319
8412546
8412456
8436676
8413868
8412976
8395915
8360415
8412318
8363456
8395179
8360039
8436671
8344608
8412902
8414321
8412727
8414471
8410441
8342029
8341462
8411367
8411113
8374805
8410887
8341442
8341608
8363787
8341939
8329850
8411042
8374963
8341873
8453609
8375181
8375167
8363873
8341641
8410372
8374993
8342019
8375397
8341490
8363324
8375185
8341593
8410712
8452963
8374989
8452979
8375347
8453695
8410374
8363099
8411107
8341707
8375401
8363341
8363452
8341911
8453483
8453811
8363583
8374765
8452984
8375307
8341352
8375339
8411086
8362973
8363540
8453944
8375005
8363008
8363295
8411290
8342053
8453906
8341253
8363237
8453742
8453832
8411055
8341370
8437217
8437032
8358261
8395574
8363382
8437112
8359672
8393082
8391442
8393343
8392363
8358857
8391732
8393171
8391575
8359079
8360114
8391272
8346064
8392177
8358713
8345945
8393477
8358811
8394590
8359627
8359278
8359677
8391595
8359745
8358983
8359936
8436886
8394645
8392813
8395043
8391838
8359776
8393213
8392764
8393235
8392509
8436313
8374573
8374741
8410808
8453785
8452907
8375085
8363642
8410881
8375153
8363360
22447078
8413414
8413506
8412794
8413444
8414231
8412333
8394555
8412829
8412702
8414501
8392600
8412298
8413245
8396127
8412777
8413798
8414215
8412882
8345487
8413930
8412556
8413819
8412942
8412862
8344813
8412641
8412390
8412852
8346782
8413561
8413267
8413272
8414095
8412824
8414366
8413621
8412651
8412834
8413973
8413296
8413536
8410790
8393077
8391803
8375377
8358520
8436811
8392034
8436525
8413114
831543
8375223
8436956
2151585
5853751
4115967
3108801
16209567
20122149
25682199
26036662
20877372
35816562
13855775
21126347
11307257
16961490
17526014
41226049
40942120
40942054
41226112
16175718
40942029
20464007
30690418
3837377
10715853
12634859
8361416
36297691
36297691
14593381
14576752
7179777
9839623
13776157
1947091
12098324
10350379
40756835
38411551
4690243
40754011
21101818
37837784
13674955
41075946
8336200
40977669
40798755
40798757
40798908
24756894
41163968
23604961
40665571
8361525
41129910
40972367
37835209
37835494
37836051
37839119
41131263
37840486
41217910
37837964
37838553
37838695
14083683
41157125
13951667
38525267
36376660
41591344
32984862
33732493
20103177
20104301
20106548
20106570
13408697
31639474
13645396
13671398
11637572
8336713
40193722
8361637
8361692
12933748
13935764
14921522
14671117
15049391
14658993
12000893
13979811
14428274
13720276
14546510
13779106
14558538
41200583
13715442
13207797
20413081
20446007
36500540
34910608
35178104
10043849
8360810
8361342
8361594
37542809
32686669
24980939
39495628
39553394
39662710
40618035
35237013
33574559
11720088
34037296
40798848
37050303
37839943
37840403
8336295
38345284
41220437
34556060
8361614
38399436
12743549
12743567
19769147
19696873
19698322
15292416
10579610
20620915
20582000
34555929
20675963
16525337
831547
833430
901089
564370
576566
5505973
4434157
4434179
2038035
2175279
2020565
1988203
1994697
551271
2993595
2993585
569620
37667693
40977816
37840181
37839812
40977812
41413779
26733794
9840992
22652799
9816533
22388586
5939497
40972398
21031557
41425257
10705692
11225219
34479949
3942329
37837968
37837921
27443379
40707608
23831008
37931927
23799877
23802294
36435241
8391390
8359647
8437017
8436981
31692859
22015298
8363723
8411051
8436358
8412571
8412275
20104998
17529962
35406978
8341251
8414576
8438077
8345127
8437747
10366313
31692514
4407963
3258931
16256089
8341923
2216117
8374745
8374835
8410869
8414299
8362981
8414382
8437282
35922785
8345405
8360461
8008988
7977592
25732122
8266181
8281145
14420557
31693145
4172355
8359268
41220421
21192209
6956877
34232518
4981931
16164477
16169088
17910004
17045286
21173981
38978976
2612199
4690291
41168043
3234371
24540125
34259055
42043471
40719921
14883993
40753829
40756826
40959835
21113948
20831853
4690223
20148311
1675551
3234405
4690231
4528605
4563061
4690205
4690221
3234387
37137746
37799500
20804401
10593661
26152160
37939856
32677596
24538888
4690177
36224326
30040206
41168951
42090904
10408291
10408330
12247734
12247736
12247754
12247744
7245351
7245327
10408337
10597656
12247730
10597647
34992693
2750889
33705921
34468248
8360767
24755950
24755993
8361678
8336960
8337048
8336551
8336817
8336926
8336002
9372408
24960919
7249783
8360901
2020661
8361584
8361798
24187807
27990201
26270337
26273510
31327592
31468897
35415870
35736851
8336623
8361539
8361747
8360866
8336931
8336964
8360911
35847924
36950622
37111428
33790061
8336262
8336444
8337060
41199683
15082986
36266812
40383169
25908139
8360752
10807524
36835630
25906662
25906645
32028131
36635658
38473744
11814580
37836148
37837382
37838959
37839008
37839732
40758804
40798732
40798747
40717393
37973912
40798872
40798904
38036104
28643652
36677542
27999242
37470084
32607096
37491685
37403738
35847990
35847992
36020712
38430389
35242843
38411888
38412532
40362514
37838752
28660803
35420323
37942185
37835501
37837230
37837350
37837496
37837277
37838457
37838394
37838392
37838599
37838532
37835773
37837404
37839085
37837773
37839145
37839752
37839708
37839610
37838690
37837366
37839965
37838496
24760129
37973651
38074085
39129524
35847894
32905350
9693618
37835981
37836192
37836162
37836617
37836673
37837135
37837515
37837715
37837894
37837936
37838350
37839539
37520717
35048088
37838759
37838775
37838742
37839033
37839117
37839168
37838287
37839485
37839446
37839529
37838440
37838593
37839667
37839608
37839014
37840136
37840047
37839999
37840370
37840388
37840210
37840410
37840244
10127596
10152301
2981441
8336010
8336193
8336073
8336415
8336526
8337015
8336693
8336486
8360633
27525980
8360783
8361600
9759952
10697815
24905266
8360824
8361808
10377749
8360709
8361408
8361792
8256160
10108159
10152280
26270381
26328083
8336573
8336604
35504730
35504693
29960811
35572439
8360621
8360765
35847870
35237203
35239933
35246239
32019112
32028143
32028149
27634918
32028157
2598371
35189848
34817469
34909778
35178427
34020878
33765538
33577730
33793585
35847963
35846531
25906815
35848002
37941934
8360951
37838971
37838957
37836367
37839468
36297486
37839535
37839973
37838709
37839021
8360665
35154809
37839543
37839738
37839865
37839908
37840354
37928750
38074507
37836080
37836062
37836598
39307321
37839151
37839500
37839782
37839592
41413984
40748034
41277760
36496331
35847854
41132822
37169974
35854251
41163959
41163984
34388441
41277675
35230300
38411142
38425428
37520740
35504712
26140465
40977660
40977822
40982895
38162248
36017732
8361659
37839889
37839308
40798759
8336596
37927643
40741348
41353942
37661802
37835430
37839012
37836615
37838530
41228422
41150073
37839818
37839945
8003762
13174977
37652811
31878057
31591572
37929977
35479064
11520355
35504683
36496321
41168521
41319852
8360803
38344571
40619533
11637120
32028145
40717460
40798838
41133154
41132586
41081442
29970925
29999047
35847980
35848014
30153072
40913478
37684507
37550013
35240214
32894721
37801048
13633974
37837915
37838467
36310749
32445448
41591465
40405049
38412028
37158988
40737484
13093402
13719187
13779104
12743555
13379819
37835688
37838905
37655408
13569028
37159165
35847848
36370065
37837772
37837597
35848030
8336061
13904526
37838767
37838723
37838967
37839158
37839717
37839131
8336222
37838618
37838945
37839356
37839647
41168597
37974978
35048110
11501435
35175171
37837854
37839058
37839314
37837269
37840191
37838549
37838511
37839384
37839354
37839655
37840328
37835318
37836591
37837250
37170838
38361398
41166210
36948141
39550507
31034949
41200646
41220454
37932050
41081855
37835880
37837917
37838317
33722074
37514731
36679130
40977747
8360915
41697013
37838909
37836132
35847844
35847896
35870206
31522475
25269485
8336160
26472465
6939533
8336642
8336736
8360734
8361075
8361729
8361771
10640009
24730026
28031644
31143204
31143083
31877259
40972394
40972401
40977531
38350498
41376612
41413073
41083209
41134568
41132577
41134585
41157710
41157157
41157180
41168614
37650869
37681252
33764744
38161842
37529667
38158508
38189211
35504657
25906868
31919471
11736852
10778622
9829131
36642289
8476756
36701890
36592806
36628590
10378428
36592769
36496355
38547978
41067569
34708884
10043907
33795592
11387867
37837685
37839586
37839915
38394108
32601976
11385961
40977662
32903742
35420257
36297784
35420241
40742557
36701608
35048029
40573197
40582573
11425452
33407603
11083735
8361824
8360917
34468210
34397102
26089704
34708310
26104032
34556412
9860298
25696406
25972290
30763788
8361800
25906705
24285972
29882515
8361354
8360654
8361580
7976481
26270349
8336439
8336580
24814870
31711573
32103660
33130545
9810385
32802157
8336318
8336767
8336167
8336467
8336175
8336207
36376931
21759655
38394097
21761384
21761312
23241573
41588286
22956273
40977643
23403646
23542545
37835917
37837883
23627615
37839300
37839368
37837949
37837980
21244453
21222023
22758764
22769086
22771779
22771906
22775080
39028544
11898535
22770409
36434193
23377357
23379552
23187370
41588611
41588913
41591276
41590613
10115763
16272743
16273376
16195870
15730168
16657895
17905845
17906057
13802670
17474555
17488666
17489620
17489773
16961614
16961581
16961606
16961646
16330058
16373788
16179295
16178007
16179012
16179363
16175305
19265193
10379451
17973092
35847951
37835743
37837898
25078076
24156159
14410407
14945490
14733258
25906909
15460796
15596015
15521871
15508556
15818214
20541843
20542041
20484611
20450089
32746078
37062736
22057088
21156183
21164092
20958999
21031568
41591424
37654215
35405164
21978882
21979352
22120261
22132276
22095791
40397437
37835246
37839435
37839338
35420168
35957170
36376754
38152846
38150527
40798916
35848006
20748182
21389843
20967480
37838463
37839046
37840093
21034208
22120840
1811611
1811721
1811725
20576251
12343707
21725980
31692431
31552260
31511080
21143216
12217629
29830100
36747584
36747482
36747519
36756096
36756069
36756197
36756039
41216588
36756145
31821342
40750575
24310853
41112807
40984216
25291424
39299496
12208879
21568840
10067795
19843070
29901523
35841470
38217998
23398897
23396526
8825836
25169694
12219700
3788791
12968525
38121486
36296821
36579757
36580037
36579955
15159499
36084747
36084744
36919500
36580273
36921314
36919310
36923515
36921042
36923428
36927052
36919334
36919452
36921130
36081743
36081740
36297583
36297849
36297500
36297801
36297884
36579781
36579714
36929324
36929340
36926906
36927857
36927523
36928521
36927365
36927250
36927506
36926025
36927390
36926583
36926347
36927167
36297075
36297132
36297091
36297346
36297791
36297612
36296839
36296951
35349079
32103567
35181569
36395374
35728650
31591012
35575399
35575388
29742825
35575268
35575473
29742885
29743121
29742931
15306321
35575428
35101768
31970298
4513843
29744032
29740896
29742897
35575356
29743865
35367899
33651567
33802299
33867588
33758271
32390966
35603236
34642929
35166903
35262994
35773320
35925637
35965575
29741964
7006011
35253164
30956475
24536621
35283775
36385975
36386044
36543226
36385962
31234583
31716143
30786270
12334065
36524902
19842566
5908391
24742496
19707106
20281625
19706953
35283606
36083530
36083475
36081662
36081216
17464325
16572215
36524914
12189019
35367804
35736171
35572887
35841993
32394029
35936272
35847878
15302457
4333537
13813197
21930673
15711326
15406642
19906899
20323600
20304105
20240878
19849900
5766407
5477983
7252895
7395039
4902077
6870493
3909109
7940083
7943317
16907030
16861651
17001808
16367136
16367799
16583228
16530091
16064571
16260002
5478015
11826321
22886036
22633044
22824833
22739765
23636147
23540797
23464443
21326912
21334792
21260301
21262726
21981615
23540794
24229229
22632848
22475308
24155923
25144110
24838211
24839286
24730449
11192494
10056607
11223791
11104534
11265212
7611944
11489714
10689529
7680126
10282000
10792139
10816091
10919427
10225878
13300608
13384459
13624457
13160282
11608783
13336921
11859473
14982987
15081046
9657203
12334063
15282484
15470140
15290571
14961894
20538181
20365196
20347793
20485845
20612242
21145881
21443775
21569169
21561510
20541856
26029905
28752860
26495860
27532710
27169216
28437067
24800646
24796425
24834700
31626924
29916816
21014966
10734778
35936283
37469186
22761346
11709521
38255832
38256147
38253722
38254082
38254967
38255102
38255132
38255237
38255175
38255436
38255357
38255507
38256132
38256267
38256477
38256612
38256417
38256282
38303477
38303636
38303708
38253467
38253362
38254772
38255057
38255027
38255877
38255907
38256507
38256627
38256702
38302754
38302697
38253437
38151834
38254007
38253752
38253857
36778373
36778674
2301035
7395143
38253992
38253977
38254502
38302957
38303136
22832735
7717658
7466417
12252372
13958281
35236525
24605211
12252402
22978903
14372097
34359087
36296933
36297123
36687548
36690104
36579911
35347730
36297047
36778248
13711323
37521585
36778446
32923665
36688399
36778415
36580318
36687223
16343632
10288111
37829475
37838566
27628585
23417600
8266249
7173651
3567473
37746337
37426163
36500996
36507936
15990180
15816490
18976257
36687185
36297830
22968702
20782083
36580092
36297720
35284990
10143277
36580259
26671448
11646596
12188942
26619116
26349126
36778608
20870584
12084664
36083478
21243594
20807056
36778366
12188983
35175183
25162254
35237876
35575134
36629974
34153806
30744399
34358828
35346415
35040964
24007405
31116377
25625539
20302490
3909151
32401713
21391070
29742469
13954201
3909117
10224667
10183654
3909009
22830277
37137720
16334035
11708439
14030505
11709457
32397908
20304063
22968668
20544371
20321374
24726987
36778477
26345969
31927369
11709443
14180126
35367911
31224535
10164436
19587967
26094692
8053886
37739796
28569373
28710789
28550217
28717287
29105002
14867339
21036042
21372835
4343823
14200870
10736922
10850558
5732117
10570055
10673175
37893770
37837889
3310047
4617115
28571257
9794909
35191161
32215638
32690959
12733891
8418093
8418945
8420042
8418417
8418017
8417969
8419051
8419080
8419515
35730968
35726104
34787625
35346436
35862005
10760754
35526572
35360419
8476892
38404716
38408482
13336305
38462572
4217053
38361600
38361736
38361704
38474162
38362077
38362136
38362197
38362292
38362308
38362339
38362524
38362476
14203504
38474412
38475051
38469045
38468975
38473062
38473094
38473243
38473958
38475126
38475183
38502117
38475441
38502863
38502926
38502977
38503303
38503466
38503270
38503633
38503664
38503481
38503862
38475335
38502826
38503159
38503221
38503913
38468469
38468911
38469118
38468786
38472877
38468242
38472692
38472809
38503694
38469181
38468951
38471344
38471168
38472270
38502296
15983925
38470871
38472373
36690131
31182638
12232014
7464509
24803516
37939400
6908969
30752343
38689612
20472280
13305684
31497835
22760421
22754647
19733385
23035453
37469933
36085452
22297550
15521961
17617614
37943070
37880325
35951915
35412159
35754050
35953760
35939258
5372139
5352389
36107978
35737023
35603105
33765290
23157510
16243727
37424680
35483088
35452152
36760146
36766730
33574416
33541958
5372303
6837589
13297099
13768190
15972166
35041057
34604575
35967269
23238350
26287348
5409575
35931194
24959467
38122197
35843805
15979120
23566761
10406670
21122842
10693210
9657230
31901610
29217707
31902098
29220969
31901967
31904078
29226152
35316788
35314453
35316148
35320296
35322560
35348305
31904042
35312191
35314827
35313868
35313999
35314158
35313716
35322658
35314009
29223551
35319157
35317318
35320746
29228085
31903678
31904396
31905771
35321516
35321568
35322420
31938983
31938910
31944792
31901480
31942899
31904202
31945013
31943354
31902649
31903649
31903806
31936881
31903818
31904005
31947507
31907659
31940430
31939768
31909786
31904023
31902217
31907875
31907823
31965299
31907668
31907978
31909175
31910225
31909818
31903631
31943226
31944907
31901920
31945004
31902154
31904473
31907433
31907528
31961834
31904271
31907902
31904503
31949429
31949673
31904812
31910675
29209750
29210736
29210632
29214751
29210813
29213347
29211031
29213976
29212858
31901779
31908122
31907355
31909103
31937486
31907510
35332762
31901426
31901397
31904943
35313333
35311179
35318007
35321881
35313574
35316056
35321167
35316498
35312895
35315143
35309960
35316405
35312272
35319941
35319295
35345239
35322454
35348011
32602809
35317545
35310824
35347711
35321365
31943325
31943289
31945257
31948612
31945903
31948113
31912084
31936863
31938755
31939713
32597526
32597808
31938137
31939023
31948254
31966152
32597919
32597928
31945116
31944862
31944880
31945766
31945923
31948188
31950383
31961577
37393494
5758061
38166077
38108693
30781402
15001838
20368227
35405210
35844641
8419505
8418587
8419688
8417986
8420012
8418643
8419238
8419112
8418887
8419012
8419404
8418027
8418710
8418303
8418334
8417832
8418350
8419531
8418582
8419100
8419024
8419129
8418412
8419733
20234668
37689311
3629525
16343666
16529076
26086594
21567735
28661074
28667710
28663566
28664397
28661481
28667215
28668712
28661310
29216164
29214026
29208405
29214631
29193244
29192248
29195522
29212251
29207957
29208197
29212776
29209365
29188645
29188708
29189139
29189078
29189626
29191831
29213663
29191924
29190513
29214446
29191636
29191695
29186953
28666878
29185792
29188329
29189812
29209841
29187876
29189526
29190904
29213778
29209715
29188148
29212130
29209074
29189279
28667087
29189719
29190244
29189570
29186137
28664613
28664905
29185765
28660922
29187616
28664555
28667691
28667370
28667775
28663446
28664546
29187916
29188900
28664780
28666242
28666530
28665009
28665162
28666320
28666156
28666301
29185893
29186423
28664145
29185737
29187408
32137587
32137751
5348415
37391287
37392496
37388116
37330908
37336226
37307118
37382469
37383732
37382883
37391475
37304005
37306473
37393430
37384527
9657230
13361255
2935365
17002028
13218950
16297255
30781402
15001838
19484801
5758061
20368227
8419648
8418978
8418745
8418995
8420146
8418244
8418531
8420062
8418582
8419100
8419024
8419505
8418587
8419688
8417986
8419129
8418239
8418412
8419465
8419758
8419485
8419604
8420067
8420007
8418427
8418887
8419012
8419404
8418027
8418710
8418303
8418334
8417832
8418350
8419531
8419409
8418670
8419119
8419068
8418106
8417868
8418098
8419046
8419204
8419087
8418643
8419238
8419112
8418309
8417789
8420012
8418638
8418727
8420021
8419733
40646608
40762965
34527446
36338523
35844167
655047
22022287
3629525
35844641
37689311
16343666
16529076
7180287
7180121
31922567
31924635
3444941
2945009
23292073
7947415
20234668
35840055
35405210
10783243
23209179
20648560
26679866
15353769
27838520
3389599
32915679
21754905
12406725
29879494
41168537
17408436
39913206
41267231
25736466
26022486
10784844
31882852
36747360
24967435
21610509
28730419
28730353
14540768
16173269
22158968
41127929
40828046
38395408
27525648
22670247
35760191
27829834
25682338
28014093
28017209
21584383
28014052
25678481
23266374
23266359
41227517
12382164
33139325
33139329
12220471
16914676
30153391
35460900
33145064
10010392
21285849
32377372
23084985
20620219
16094297
16097681
7179881
7179795
23238626
22157024
41065777
5478089
4401055
36085431
34355211
10007238
3441433
35367967
40934054
5002987
19931464
13215443
5002961
8114416
41168559
40348874
23377640
3824277
41129042
7492747
15818702
15818290
16221745
32398390
32399080
32398018
35227012
32398977
32399407
15818394
35228303
35226946
3824295
41262960
13125305
21129716
41098660
37801382
40762739
41262956
38548391
38370338
32399121
31931030
24368800
38256522
40239032
40646706
36842086
17602012
23420466
40762532
40349739
41217811
40646799
40346230
28578608
38370333
39548241
40346145
36453264
40847793
11487713
40762588
6956403
35293698
36453250
16166050
40977513
40646994
40647171
41108198
40847681
36527326
39667952
29435427
32685878
40388470
36842090
33141852
37133627
36453194
40762875
36453353
41112809
19503864
41069621
32681199
41011344
35226836
20073504
41262989
14931139
16085816
41591855
14058206
40977785
40365699
38083722
41099891
41106762
15466936
12873835
41099230
40763123
35594797
41315654
29423615
41072164
40847645
41590969
37702619
24369263
36795334
32683479
38036176
37942652
32686168
36792229
41108261
36453202
35841270
40343697
40348869
21051342
32691534
39853422
35842182
40656639
36453360
41221539
41372951
41591762
41026114
1506075
1324963
606454
690923
476551
2020627
1661377
1506085
2009181
1995355
1995357
2009015
2009211
1734005
2361417
2361807
901113
2993587
818353
837392
2496255
901205
901139
3750619
4433713
6351197
3007499
3842529
5439559
6217857
2914941
6474713
4433725
1811745
2419597
2020653
5149679
1661381
2009229
1995261
1827743
2009169
2993597
2009233
2496283
4598027
3908999
4597957
2020529
2009249
2020623
2167155
2020615
2020609
2020631
5149009
2020681
2020697
1995303
890786
2020691
2020545
2020537
808944
2009083
2009175
1995321
690776
8257674
8336205
8336246
8336403
8336437
8336118
8336234
8336533
8336710
8336948
8337022
8337051
8337044
24603382
8281714
8361269
8361336
8361551
8360726
8360748
8360972
8336775
8337028
8336340
8360870
8336674
8336686
8336888
8719084
8336725
8361412
8361657
8361731
8361779
8336311
8336323
8336465
8360679
8361073
8361396
8361602
8360791
8361672
8361696
8361796
8361816
8360846
8360896
8360947
8336290
8336372
8336100
8361036
8361116
8360830
8360844
7727601
7693365
8287115
7018949
8361289
8361555
8361655
8361015
8361285
8361631
8280638
8004046
8336024
8336054
8336696
8336015
8336047
8336146
7921594
2462833
2167153
5780739
5360377
5005153
6939557
6939591
9811106
8360938
8360808
8336853
26674133
8336355
8336962
8336488
8336938
35915713
27930114
7109877
9667319
8361254
8361620
8361739
25621518
8336059
8336519
8336530
8336615
8336108
25906721
10127548
8360648
8361143
8361400
7682711
24756034
2020637
8361174
8360650
8476834
24245745
1994699
8336306
8336625
8336987
24981590
24896763
8361707
8361711
6458703
13523431
9667284
8336210
9567634
9859773
7482649
8336613
8336401
8336628
4598057
37837904
37837891
37837953
37839765
41263233
8336266
35847864
36579979
35529545
40393401
35674492
33235762
37835350
37835611
37835950
37835816
37836091
37836580
37837544
37837671
37837559
37837778
37837873
37837848
37838426
37838570
37838378
37838363
37838736
37838791
37838757
37838761
37838669
37837909
37838272
37839506
37839502
37839554
37839614
37839567
37839767
37839963
37839878
37840051
37839995
37840176
37839919
37840452
37839494
37839569
37839637
37839769
37839805
37839925
37840342
37840280
41206089
37837819
37839182
10294610
37508058
37839983
37840413
28016632
35191278
37835368
37836111
37835700
37838944
37838917
37839031
37839002
37839066
37839083
37839087
37839174
37839170
37839800
21243536
9690864
25906751
34354407
35847973
35856577
8360932
8361077
8361440
8361420
8361665
8361767
35847830
8360591
10207324
34563485
34468134
34525738
37838894
37838432
37839562
37473396
35357930
35124088
32923735
9667279
9667307
25273292
28730573
35048076
35239598
35174793
34964838
35229651
35189416
34911113
35231155
8361182
32216137
32028163
34346714
34338490
9810660
35414815
35415931
35420172
8336057
35504721
10043575
35504746
26089688
28003806
8360684
8361283
28652789
28641460
8361040
8361635
8361773
8360669
8361081
8361145
8361596
8361610
8361515
31601799
31656558
8336727
31522674
8336020
8336541
14961194
22614808
41113085
37838359
23481109
23380234
37974569
40409760
22947759
24987675
21400378
41079492
14713147
14677653
15387129
15374758
20633904
13110663
2490357
37837132
37839415
37839417
37839702
38474914
34269787
21842799
21604549
32938040
34273752
21981330
36281199
13726661
21569041
22195002
40739650
22095800
37839579
37839643
40972356
37839975
32261926
32282319
37012861
17780078
34672063
35188440
35283772
41200599
40977855
22833400
22814227
39366429
40977675
22370049
37835719
37839398
22492457
19356026
16176622
16580281
21031570
21284331
21285861
21285912
17618377
17618427
17618518
17587797
17610528
17616333
17618190
16961579
16961610
16961649
16961561
36894964
35546831
21156360
20754629
20697518
21037504
21047025
21049178
19769162
19785264
19791726
20678404
40723923
21314324
3424283
35847926
35847840
32407906
15787010
20224799
17485080
17465070
17487084
17492593
24389147
35864215
19689736
20106373
20103713
20106086
20106291
32028139
28655671
35404474
19929643
19904292
19931453
19931549
19847776
20150518
20162302
7239817
16224835
15820948
15831344
16886390
17894774
17893186
17785706
18008386
19449524
16260870
16961640
37505372
8336446
8336647
38453412
19241858
40977671
40977691
37470357
41099801
38587424
13667486
22768113
34480448
37837622
37839488
37839537
37840373
41588681
41588997
41588986
41590396
23799614
41200626
23089360
41349680
23254031
19902716
37837718
23544990
23186152
37157018
39295361
36376151
10309486
35607988
39133376
28014143
35847941
37128433
37130051
37659270
27923026
37651030
37665434
31977937
40443272
32028141
11292657
40622926
40737631
40765274
37837885
37838683
37839098
37839748
37840043
10294587
40754688
40798830
37133773
40847754
40847756
41163970
41168533
41168603
41158188
41157111
40972333
10697959
41129893
41134639
41131258
41134630
36496323
36621865
39953685
40411837
40441378
40225144
31919390
40977749
41083338
41097085
41273431
41277822
41220444
41220458
41217880
41217945
34380732
11628147
37109566
27199119
37170820
39913252
39913246
40916111
32660115
32684747
11957334
40972382
40972337
40977716
40977820
40977731
8361670
8336418
8336708
8361013
36297353
36285339
38474076
38411842
35181060
35238641
38394115
26089702
34563558
38153362
38547459
35420250
38424562
40743576
10831134
36207854
8336052
8336162
8360721
8361588
10056589
27532426
40811134
10127566
36592802
11593791
36580033
37942153
37962494
37967332
37972397
38147002
37974283
38075064
38075207
38075612
36835678
11730891
35847910
35847988
35847931
31287705
35847935
25061897
14420395
41591494
14436527
14437979
13329492
38119669
38319563
13987741
23417464
8360661
40798868
33437259
24705107
37483675
14435499
14048155
8336778
11212359
10740374
8336215
8336169
25906647
11083152
11083046
30742027
29990501
37836232
37835664
37838881
32607877
37839971
37839997
35420312
37840325
37840070
37837652
38468626
31684822
41129872
34556399
40977649
37678113
41591335
31918544
39035369
31684760
11253047
37835477
37837879
37838961
37839023
36310781
37839400
37839444
37839545
37835150
37837946
37839788
37839848
37840001
37840435
37839993
37705615
41220456
39482074
13891950
37715871
37486070
40847688
37885361
35504679
37839630
41316361
37839091
37839427
37839682
37840287
35847834
41200654
37838911
37170766
36946130
34007785
36637773
38358874
39659384
38488817
36106633
37835262
35941299
35504713
37835748
37837663
37837583
37838528
37839853
37839952
13429209
31591054
38144763
36302899
8361513
35848026
33609366
41157153
36592809
41220452
34590180
37958294
11389220
35976397
37839758
36362285
40644187
36496338
37556375
8361527
8336841
36580232
37838923
37839079
27923659
41259134
41192303
37666617
40972635
40972388
37466611
37505100
8361350
38293686
32592292
11387707
35847862
10773437
35048059
8361106
35847886
35848004
41134577
37159385
41165157
35848016
12647230
37836690
37837572
37837932
37837844
37838572
37835227
37837314
37837449
37837436
40977818
37839390
37838768
37839891
37837790
37838885
37839404
37839454
29158402
37473411
35546843
36353840
35847959
35546839
41281444
34591293
35179100
41163997
41220446
37478960
34910939
37520689
37652530
37120363
40972400
38084638
32939918
41299197
38349280
37837986
37838498
37838781
37838965
37840322
37835595
37835874
37836508
37838536
37839376
37839498
37839696
37839142
37835438
37838534
37937326
28640592
28640806
37974649
37838622
37839684
37840445
35847908
8336236
37839004
38449041
40719555
15164929
15198591
15241553
15507994
15049421
15225977
15226121
15315399
14457785
14884470
15412309
15412286
35354444
14904255
26772277
15068891
11736066
9181561
41220450
40197245
13175959
14204508
41591440
37839029
40798910
41105587
41277754
37837846
37838576
37839734
37839809
41131675
41157155
24223245
40798864
40847701
40657350
13702595
8361398
13901005
40977689
40977720
31667297
31696113
8360693
31878208
31876492
25766397
34849741
34849839
10651931
32592299
32440572
36355122
9992094
36339089
36369973
31715502
10127562
8361822
22775019
14145497
16077780
36592826
21314270
8363607
8413531
8436368
8436288
8344796
32260479
20048364
23197890
8410943
8395770
8453548
8363785
8341885
8453850
8363793
13175025
39293105
35865268
35847906
35848010
32216567
26555170
36961631
36946387
40769500
40773305
40780511
40798717
40798790
40798763
40798749
40798700
40798912
40798891
40478494
37838434
36580234
35847949
41220429
35420334
34226610
41579079
8391767
40972335
11248148
36837724
26815167
21416689
20471066
20470967
20471202
32616084
20513124
20541089
20542043
20274882
35546833
20423775
14327606
8361009
8414144
8345968
8395674
8395515
8412263
8395930
8346444
8412461
8414107
8346419
8413824
8436661
8414309
8414090
8412241
8344779
8436333
8412867
8413616
8413326
8413394
8414561
8412631
8413788
8412657
8341482
8453886
8341300
8363576
8453182
8411075
8341454
8363501
8341937
8374887
8453902
8410961
8453628
8341805
8363317
8395320
8453384
8375287
8362979
8453534
8452913
8363081
8410539
8453781
8453728
8410699
8363767
8374845
8341738
8411267
8363667
8363686
8412365
8453715
8375261
8453707
8341597
8374707
8453202
8391348
8453592
8396259
8374647
8359432
8358165
8453898
8359437
8437397
8437237
8346192
8437372
8358531
8392834
8358431
8436666
8393005
8359054
8394837
8393487
8436796
8360034
8395355
8360109
8436413
8345751
8394565
8413768
8346101
8344864
8436966
8360218
8392082
8344596
8346070
8392448
8346349
8345803
8395634
8414205
8414021
8413257
8436991
8412897
8436433
8436701
8414387
8396279
8395465
8346264
8392408
8394468
8414226
8393010
8392699
8412343
8436826
8413643
8358988
8345797
8414236
8345815
8346904
8412446
8412476
8394457
8413783
8395280
8395068
8412566
8412313
8436631
8395910
8359891
8410605
8362949
8359395
8358633
8391410
8391621
8360429
8437197
8359003
8358189
8437182
8359962
8360280
8437307
8359851
8360265
8453740
8453730
8359328
8359515
8395450
8358718
8393145
8359860
8358638
8392061
8360285
8391631
8358730
8391943
8358364
8392172
8436596
8392124
8391742
8392534
8360077
8359786
8393208
8391998
8392202
8391884
8358902
8393225
8391415
8359313
8393519
8392808
8393416
8341670
8393365
8341484
8374701
8359013
8453117
8359875
8345710
8392839
8392641
8393375
8360202
8436228
8359283
8392089
8437417
8344858
8346121
8358852
8344981
8436555
8360508
8436438
8395895
8436791
8346767
8391467
8392995
8392192
8393390
8411294
8363602
8363690
8410499
8342041
8374939
8410968
8453579
8374585
8375313
8374719
8341907
8341531
8410877
8453450
8341274
8374731
8411228
8411381
8395714
8374831
8363477
8453086
8453632
8453387
8453105
8453132
8374827
8453890
8341497
8363351
8410387
8411071
8453417
8453317
8363227
8410873
8410597
8453607
8453594
8375195
8453314
8375075
8341262
8374789
8374735
8410761
8453156
8363871
8375279
8410708
8341677
8410972
8374795
8453218
8453791
8411130
8375335
8453604
8453454
8374797
8374549
8453836
8453221
8410919
8453619
8453280
8341280
8410589
8375069
8453917
8341541
8363122
8453458
8342045
8453721
8363499
8375369
8453709
8374799
8437107
8392161
8437352
8358927
8358384
8374943
8344819
8393161
8360422
8391611
8359941
8437072
8360148
8359687
8391772
8391343
8358287
8410929
8391295
8358942
8360019
8393482
8360398
8359577
8359735
8393062
8393385
8359972
8392618
8453477
8436891
8359632
8391783
8395079
8436293
8359601
8393370
8436611
8412988
8359150
8392040
8359999
8436455
8392478
8396438
8395139
8345791
8393015
8392418
8393446
8395983
8346919
8392403
8412156
8436388
8436761
8412188
8392250
8413658
8395305
8392769
8436348
8346344
8346182
8436901
8346258
8346914
8412667
8414541
8346106
8346459
8345056
8346595
8412385
8413204
8414149
8414041
8412236
8414068
8413481
15164939
8411322
8363053
8438292
8341634
8437587
8363450
8410842
8411124
8341458
8344802
8410854
8413184
8359885
8396473
8395614
8396025
8375147
8411099
8437337
8413230
2750897
21559312
8453452
8375063
8363138
8341350
8341887
8341787
8341685
8341392
8345668
8438012
8395048
31692971
31693214
8363239
8410554
8363433
11448538
10366342
8392151
8391284
32393923
15624144
33798654
15746518
8410434
8453195
8453412
8341266
8341668
8374945
8374957
8363791
8341258
8410695
8341681
8363513
8453034
8363869
8342005
8410865
8375389
8453108
8375317
8410955
8363638
8341698
8363511
8410535
8341503
8375105
8453007
8341647
8363818
8341448
8363309
8363777
8363755
8363735
8374743
8453754
8410495
8410812
8374695
8363343
8453809
8410522
8363134
8363570
8363438
8341318
8363844
8363106
8453797
8363114
8374635
8341340
8375341
8341364
8410939
8374947
8453524
8363124
8374661
8453826
8374561
8374601
8342047
8363017
8363769
8410863
8363562
8374783
8363010
8363101
8453946
8363491
8363415
8374699
8363552
8363156
8437602
8341494
8375091
8363751
8374801
8341533
8363117
8453816
8410816
8374651
8453638
8410970
8375131
8363171
8453088
8341316
8374583
8375231
8394762
8395837
8363319
8453002
8363634
8363448
8342043
8363879
8410728
8374571
8410917
8363264
8341981
8341807
8342065
8453027
8453772
8452973
8453014
8452975
8341825
8363419
8410626
8362959
8362969
8363247
8452986
8374819
8411101
8341539
8363658
8363241
8374629
8341700
8453037
8453569
8375093
8341895
8375143
8341272
8410946
8374713
8452959
8341402
8375017
8375305
8411326
8453830
8410432
8453705
8345881
8346384
8345739
8395865
8346589
8395870
8395094
8344956
8438357
8438267
8346304
8395184
8438247
8438332
8395154
8345609
8438147
8345539
8346152
8345223
8346499
8345704
8345016
8395701
8394842
8345639
8395365
8346682
8345552
8394680
8438187
8438092
8395425
8437957
8438277
8394782
8341871
8363630
8453233
8341679
8341687
8374893
8363615
8438052
8438227
8437652
8345598
8438067
8345651
8453499
8438087
8437722
8345138
8438157
8437962
8437877
8341817
8437477
8437637
8437567
8437507
8375117
8395089
8437547
8345910
8437827
8341651
8437642
8437427
8395609
8437732
8437572
8394869
8410624
8346454
8374639
8374859
8363413
8341724
8395370
8345198
8346707
8363166
8453509
8375109